,rad_pos1_last_gold,rad_pos2_last_gold,rad_pos3_last_gold,rad_pos4_last_gold,rad_pos5_last_gold,dire_pos1_last_gold,dire_pos2_last_gold,dire_pos3_last_gold,dire_pos4_last_gold,dire_pos5_last_gold,pos1_diff,pos2_diff,pos3_diff,pos4_diff,pos5_diff,team_diff,winner,rad_pos1_last_gold,dire_pos1_last_gold,rad_pos2_last_gold,dire_pos2_last_gold,rad_pos3_last_gold,dire_pos3_last_gold,rad_pos4_last_gold,dire_pos4_last_gold,rad_pos5_last_gold,dire_pos5_last_gold
0,26567,26379,23865,13694,10503,30270,28938,22411,14905,14446,-3703,-2559,1454,-1211,-3943,-9962,radiant,26318.0,30117.0,25655.0,29063.0,24362.0,22153.0,13441.0,14927.0,10270.0,14030.0
1,29811,21669,16959,13171,11240,26906,22523,20972,20477,14335,2905,-854,-4013,-7306,-3095,-12363,radiant,30164.0,27272.0,21978.0,22253.0,17098.0,21011.0,13155.0,20504.0,11486.0,14455.0
2,26629,24139,19626,13453,13140,24029,19216,20413,14322,10926,2600,4923,-787,-869,2214,8081,dire,26247.0,23782.0,24152.0,18826.0,19662.0,20148.0,13338.0,13168.0,13016.0,11120.0
3,24857,22086,18825,12477,11885,34077,22563,21075,15762,14104,-9220,-477,-2250,-3285,-2219,-17451,dire,25400.0,32843.0,22574.0,22428.0,18438.0,21110.0,12781.0,15181.0,11827.0,13918.0
4,29546,22501,18014,13334,10811,27521,21277,17115,13718,11340,2025,1224,899,-384,-529,3235,radiant,29024.0,26740.0,22177.0,21029.0,18508.0,16655.0,13542.0,13313.0,10544.0,10541.0
5,25463,22988,17273,13264,9673,25091,20751,19232,11856,10407,372,2237,-1959,1408,-734,1324,dire,25501.0,25479.0,22638.0,20414.0,17020.0,19532.0,13544.0,11877.0,9862.0,10503.0
6,27485,21595,22430,19150,13305,28775,25725,20937,14478,12235,-1290,-4130,1493,4672,1070,1815,dire,28062.0,28688.0,22093.0,25438.0,22012.0,20498.0,19396.0,14757.0,13233.0,12106.0
7,24348,21679,17475,14803,13465,24401,22541,21876,15131,12711,-53,-862,-4401,-328,754,-4890,radiant,24413.0,24373.0,22099.0,22793.0,17573.0,21409.0,15230.0,15120.0,13252.0,12916.0
8,24520,22322,19204,13263,11894,25996,18765,19707,10533,9360,-1476,3557,-503,2730,2534,6842,dire,24078.0,25789.0,22257.0,18734.0,19011.0,19371.0,13283.0,10622.0,11854.0,9142.0
9,28274,25301,21806,15768,11821,28433,27556,17040,12317,11221,-159,-2255,4766,3451,600,6403,radiant,27596.0,29029.0,24269.0,27482.0,21512.0,16930.0,15579.0,12543.0,11365.0,11236.0
10,29506,19303,17003,16843,11756,26496,24016,17468,13325,12683,3010,-4713,-465,3518,-927,423,radiant,29238.0,24723.0,18810.0,23506.0,17016.0,17660.0,17099.0,12715.0,11616.0,11735.0
11,26087,14429,13360,12315,12122,28269,20685,17943,11025,11503,-2182,-6256,-4583,1290,619,-11112,dire,26736.0,27829.0,14612.0,20381.0,13529.0,17608.0,12549.0,10802.0,12069.0,11305.0
12,26845,24292,23419,12672,11184,24706,23176,16467,14023,12823,2139,1116,6952,-1351,-1639,7217,radiant,27088.0,24007.0,24099.0,22504.0,23294.0,15867.0,12645.0,13503.0,11135.0,12201.0
13,29301,23349,18828,13116,13427,25851,23294,21783,13286,13712,3450,55,-2955,-170,-285,95,dire,29612.0,25961.0,23387.0,23154.0,19127.0,22058.0,13109.0,13468.0,13756.0,13932.0
14,31765,24753,17945,13492,12147,27535,23688,16760,14383,12398,4230,1065,1185,-891,-251,5338,radiant,30416.0,27518.0,24093.0,23367.0,17317.0,16364.0,13253.0,14288.0,11687.0,12481.0
15,23131,21642,12960,10943,8915,29702,22775,17444,12511,11903,-6571,-1133,-4484,-1568,-2988,-16744,dire,22846.0,29496.0,22166.0,22872.0,13214.0,17522.0,10901.0,12590.0,9047.0,11895.0
16,30916,19428,16625,12682,10734,27560,22441,21441,13941,13456,3356,-3013,-4816,-1259,-2722,-8454,radiant,30637.0,27223.0,19465.0,22596.0,16761.0,21563.0,12750.0,13745.0,10964.0,13666.0
17,21234,21728,20909,15675,17028,26879,25339,18625,17302,15751,-5645,-3611,2284,-1627,1277,-7322,dire,21023.0,27478.0,21486.0,25086.0,20697.0,19004.0,15192.0,17762.0,16348.0,15722.0
18,25538,20501,15937,13550,14064,28775,32542,21146,13486,10365,-3237,-12041,-5209,64,3699,-16724,radiant,24920.0,28877.0,20834.0,32092.0,15580.0,21235.0,13741.0,13534.0,14020.0,10151.0
19,20158,18580,19047,8292,7403,28309,23461,22286,13804,9507,-8151,-4881,-3239,-5512,-2104,-23887,dire,20207.0,27974.0,18434.0,23631.0,18797.0,22291.0,8447.0,13528.0,7572.0,9370.0
20,31144,18395,17545,11730,10156,19691,21031,20503,12621,11460,11453,-2636,-2958,-891,-1304,3664,radiant,30996.0,19212.0,18282.0,20575.0,17478.0,20532.0,11923.0,12451.0,10383.0,11592.0
21,25487,22344,21390,11500,11563,32413,22655,17528,12648,12571,-6926,-311,3862,-1148,-1008,-5531,radiant,25759.0,31919.0,22711.0,22703.0,21634.0,17608.0,11684.0,12561.0,11797.0,12446.0
22,20752,19309,17022,16464,13416,33146,22980,21982,16242,13940,-12394,-3671,-4960,222,-524,-21327,dire,20081.0,31878.0,19260.0,22939.0,17066.0,21870.0,16322.0,16092.0,13338.0,13667.0
23,25894,23772,23050,15823,14012,26513,22325,17974,11466,10012,-619,1447,5076,4357,4000,14261,radiant,25661.0,26911.0,23437.0,22410.0,22585.0,18113.0,15280.0,11613.0,13467.0,9858.0
24,27853,21957,19847,11155,10047,32346,26260,21972,13649,13477,-4493,-4303,-2125,-2494,-3430,-16845,dire,27614.0,31285.0,22332.0,25891.0,19964.0,22099.0,11300.0,13276.0,10014.0,13270.0
25,29818,23840,17085,12637,9998,23325,17544,20065,15397,12132,6493,6296,-2980,-2760,-2134,4915,dire,30144.0,23730.0,24382.0,17591.0,17404.0,20276.0,12575.0,15351.0,10266.0,11936.0
26,22471,21579,17885,12074,8248,28045,21367,20436,16576,16697,-5574,212,-2551,-4502,-8449,-20864,dire,21938.0,28242.0,21765.0,21165.0,17002.0,20198.0,11533.0,16776.0,8436.0,16553.0
27,21077,22065,18843,14047,11718,25724,23725,21403,14540,12381,-4647,-1660,-2560,-493,-663,-10023,dire,21341.0,25085.0,22358.0,23980.0,18195.0,21491.0,14165.0,14297.0,11853.0,12455.0
28,31786,24256,21809,13563,13462,27039,21524,20757,10567,9300,4747,2732,1052,2996,4162,15689,radiant,28997.0,26258.0,23328.0,21492.0,21579.0,20714.0,12508.0,10732.0,12459.0,9017.0
29,31983,25474,22822,13765,12355,25908,22076,20640,11790,8502,6075,3398,2182,1975,3853,17483,radiant,30818.0,26455.0,24914.0,22033.0,22473.0,20980.0,13457.0,11889.0,11977.0,8643.0
30,24846,18400,16820,9542,8978,31490,19200,18502,12544,12819,-6644,-800,-1682,-3002,-3841,-15969,dire,24985.0,31502.0,18306.0,19339.0,17084.0,18415.0,9703.0,12471.0,9129.0,12840.0
31,21086,21357,20132,18606,12716,33665,26699,19595,13991,12150,-12579,-5342,537,4615,566,-12203,dire,21606.0,33568.0,21433.0,26232.0,20289.0,19650.0,19056.0,14042.0,12713.0,12110.0
32,24882,23703,15801,12661,10896,25096,21744,22109,15404,13738,-214,1959,-6308,-2743,-2842,-10148,dire,25013.0,24349.0,23791.0,21248.0,15737.0,21778.0,12608.0,15280.0,10564.0,13670.0
33,29080,26451,26732,17763,14879,27606,25729,20838,12251,13375,1474,722,5894,5512,1504,15106,radiant,29396.0,27773.0,26981.0,25773.0,27217.0,20911.0,18051.0,12511.0,15084.0,13429.0
34,33542,25142,22954,12291,11690,30171,20253,18487,11044,9231,3371,4889,4467,1247,2459,16433,radiant,33162.0,29935.0,25336.0,20349.0,23010.0,18561.0,12432.0,11148.0,11537.0,9436.0
35,27298,18830,18240,15471,11638,33355,21852,20396,14762,14073,-6057,-3022,-2156,709,-2435,-12961,radiant,26969.0,33107.0,19004.0,22031.0,18169.0,20675.0,15672.0,15124.0,11913.0,14349.0
36,27544,24076,18035,18089,11739,31522,24546,24349,11560,9260,-3978,-470,-6314,6529,2479,-1754,dire,27714.0,31498.0,24215.0,25017.0,18519.0,24168.0,18203.0,11821.0,12064.0,9480.0
37,22898,25688,17481,13145,11703,22867,22334,20312,11455,11334,31,3354,-2831,1690,369,2613,radiant,22702.0,23005.0,25628.0,22050.0,17527.0,20699.0,13210.0,11542.0,11755.0,11608.0
38,24106,19288,17640,10236,9265,23910,23150,20698,15353,12996,196,-3862,-3058,-5117,-3731,-15572,dire,24467.0,24251.0,19195.0,23164.0,17945.0,20720.0,10477.0,15426.0,9480.0,13155.0
39,23953,23358,22259,13447,13726,23295,19930,17601,14430,10678,658,3428,4658,-983,3048,10809,radiant,24066.0,22800.0,23823.0,19917.0,22390.0,17262.0,13646.0,14676.0,13912.0,10617.0
40,31585,22727,20247,12686,10477,22470,21996,17786,13126,12700,9115,731,2461,-440,-2223,9644,radiant,31209.0,21753.0,22665.0,22113.0,20131.0,17885.0,12843.0,13053.0,10571.0,12883.0
41,24117,22648,19207,9753,12452,24689,23552,18962,18967,12830,-572,-904,245,-9214,-378,-10823,radiant,24695.0,24345.0,22889.0,23639.0,18649.0,19382.0,9895.0,19088.0,12626.0,12682.0
42,33111,19115,18197,10687,11226,27901,20758,18875,12008,9378,5210,-1643,-678,-1321,1848,3416,radiant,32797.0,28278.0,18780.0,20826.0,18202.0,18825.0,10711.0,12190.0,11283.0,9599.0
43,38797,17253,17655,12565,10895,28999,28735,20313,13531,12946,9798,-11482,-2658,-966,-2051,-7359,dire,38390.0,28826.0,17098.0,29227.0,17416.0,20723.0,12607.0,13848.0,10887.0,13128.0
44,25257,25776,24551,12030,11565,24242,26488,21241,18127,12131,1015,-712,3310,-6097,-566,-3050,radiant,25157.0,24044.0,25603.0,26426.0,24403.0,20996.0,12334.0,18151.0,11683.0,12064.0
45,30503,22090,20904,15203,13755,30524,22501,21224,13376,12134,-21,-411,-320,1827,1621,2696,radiant,29966.0,30468.0,22024.0,22794.0,20600.0,21009.0,14981.0,13574.0,13664.0,12200.0
46,22004,17439,15863,12196,12387,25446,22269,20653,12124,9721,-3442,-4830,-4790,72,2666,-10324,dire,22653.0,24529.0,17589.0,22739.0,15698.0,19406.0,12054.0,12196.0,12555.0,9951.0
47,25632,24978,19955,12696,10862,25949,18858,16728,13248,11671,-317,6120,3227,-552,-809,7669,radiant,24833.0,26356.0,24637.0,18425.0,19388.0,16352.0,12430.0,13069.0,10534.0,11645.0
48,24808,22789,17922,12982,9637,27052,22743,18801,15068,13422,-2244,46,-879,-2086,-3785,-8948,dire,24188.0,27023.0,22217.0,22659.0,17904.0,18465.0,13096.0,15375.0,9574.0,13490.0
49,23940,19759,18209,14482,13703,26949,21983,22592,14738,16668,-3009,-2224,-4383,-256,-2965,-12837,dire,23188.0,26800.0,19606.0,22113.0,18478.0,22825.0,14877.0,15084.0,13424.0,16113.0
50,23251,19931,17637,11728,9034,28113,19197,20995,16203,9929,-4862,734,-3358,-4475,-895,-12856,dire,22877.0,27923.0,20109.0,19099.0,17448.0,20579.0,11488.0,16375.0,9187.0,10230.0
51,30462,20146,19700,15152,16230,24382,18600,19307,12927,9259,6080,1546,393,2225,6971,17215,radiant,29943.0,24029.0,20120.0,18839.0,19409.0,19367.0,14731.0,13238.0,16343.0,9371.0
52,18675,15054,15938,11998,9662,29858,18834,17766,17740,13386,-11183,-3780,-1828,-5742,-3724,-26257,dire,18678.0,30431.0,14864.0,19142.0,15801.0,18073.0,11914.0,18139.0,9305.0,13573.0
53,21048,21081,16525,10770,11283,26305,19497,16589,14117,10594,-5257,1584,-64,-3347,689,-6395,radiant,21453.0,26366.0,20769.0,19935.0,16857.0,16889.0,10948.0,14169.0,11248.0,10878.0
54,25957,21603,18992,14065,12079,25925,20624,20299,18615,13479,32,979,-1307,-4550,-1400,-6246,dire,26207.0,25513.0,21716.0,20337.0,19334.0,20369.0,13922.0,18665.0,12259.0,13391.0
55,24300,22079,17818,11570,11267,37534,21853,20819,14081,12835,-13234,226,-3001,-2511,-1568,-20088,dire,24462.0,36516.0,21720.0,21692.0,18019.0,20829.0,11498.0,13934.0,11401.0,12565.0
56,29549,19391,17470,14909,13566,28937,24655,21267,13460,11691,612,-5264,-3797,1449,1875,-5125,radiant,29695.0,28656.0,19612.0,24690.0,17645.0,20648.0,15028.0,12950.0,13455.0,11603.0
57,31806,24102,23448,18093,14204,18684,20404,17365,9845,9864,13122,3698,6083,8248,4340,35491,radiant,31642.0,18325.0,23512.0,20173.0,23128.0,17345.0,17587.0,9937.0,14342.0,10043.0
58,27105,20093,15091,11410,9803,25499,24216,19727,14327,11359,1606,-4123,-4636,-2917,-1556,-11626,dire,27342.0,24387.0,19389.0,23802.0,15257.0,19293.0,11682.0,14166.0,9947.0,10732.0
59,31546,20856,18663,9806,8468,29060,29341,21101,15816,10283,2486,-8485,-2438,-6010,-1815,-16262,dire,31510.0,29085.0,21174.0,28855.0,18807.0,21142.0,9886.0,15623.0,8632.0,10198.0
60,25396,22550,18420,16017,14371,33204,24021,18677,17248,14998,-7808,-1471,-257,-1231,-627,-11394,dire,25537.0,32755.0,22650.0,24246.0,18771.0,18544.0,16297.0,17246.0,14504.0,15460.0
61,26109,25812,24499,12217,13298,32687,22296,21329,15841,10619,-6578,3516,3170,-3624,2679,-837,radiant,25912.0,32397.0,26288.0,21638.0,23963.0,20982.0,12247.0,16021.0,13246.0,10498.0
62,26579,25119,23708,16623,12462,26356,17103,16424,14000,8208,223,8016,7284,2623,4254,22400,radiant,26598.0,26285.0,25197.0,16788.0,23549.0,16628.0,16363.0,13568.0,12435.0,8332.0
63,30837,24314,17572,12889,12660,26982,24261,19740,14782,13708,3855,53,-2168,-1893,-1048,-1201,dire,30531.0,26434.0,23681.0,24635.0,17625.0,19890.0,12922.0,14946.0,12662.0,13896.0
64,34842,28512,24909,16064,11832,28747,20222,17436,14952,10796,6095,8290,7473,1112,1036,24006,radiant,33129.0,28677.0,27673.0,20285.0,24522.0,17560.0,14787.0,14733.0,11331.0,10761.0
65,26430,19031,20028,17554,12755,25114,25756,18315,14439,12794,1316,-6725,1713,3115,-39,-620,dire,26263.0,24952.0,18923.0,25271.0,19646.0,18160.0,17232.0,13873.0,12516.0,12616.0
66,29879,18234,16402,11758,9427,24497,24114,20097,12708,12524,5382,-5880,-3695,-950,-3097,-8240,dire,30360.0,23525.0,17837.0,21608.0,16495.0,19351.0,11706.0,11511.0,9496.0,12061.0
67,29635,22937,15048,13142,12935,31149,19962,15832,14017,12059,-1514,2975,-784,-875,876,678,radiant,29515.0,30664.0,22707.0,19537.0,15221.0,15766.0,13165.0,13954.0,13138.0,12224.0
68,25830,21425,20369,13127,12424,29845,29734,23095,14944,14156,-4015,-8309,-2726,-1817,-1732,-18599,dire,25820.0,30013.0,21159.0,30056.0,20180.0,23247.0,13395.0,15279.0,12629.0,14658.0
69,20945,23271,18816,12985,10967,21553,21950,21207,12825,13684,-608,1321,-2391,160,-2717,-4235,dire,20788.0,21465.0,23612.0,21641.0,19182.0,20986.0,13168.0,12542.0,11199.0,13224.0
70,27722,22841,17688,11203,10630,28175,20846,20424,13088,11817,-453,1995,-2736,-1885,-1187,-4266,dire,27554.0,27744.0,22777.0,20281.0,17919.0,20046.0,11418.0,13132.0,10775.0,11619.0
71,28625,21039,21245,13767,13556,22248,21230,17055,15848,13054,6377,-191,4190,-2081,502,8797,dire,28745.0,22154.0,20367.0,21541.0,21435.0,16867.0,13659.0,16016.0,13166.0,13164.0
72,29584,22626,21169,13266,12981,32371,19362,19166,17064,13199,-2787,3264,2003,-3798,-218,-1536,dire,29881.0,31683.0,22196.0,18992.0,20705.0,18335.0,13279.0,16329.0,12959.0,12015.0
73,34053,22279,20315,15216,14972,21783,19393,16916,15810,10354,12270,2886,3399,-594,4618,22579,radiant,33158.0,22401.0,21449.0,19584.0,20246.0,17353.0,14273.0,16060.0,14810.0,10610.0
74,21720,17415,16477,12352,10565,30012,26189,19308,16981,14312,-8292,-8774,-2831,-4629,-3747,-28273,dire,21456.0,29784.0,17368.0,25534.0,16700.0,19264.0,12494.0,16994.0,10766.0,14098.0
75,33936,29469,28117,19114,12606,25063,23333,17333,15251,13806,8873,6136,10784,3863,-1200,28456,radiant,31558.0,25106.0,28299.0,23203.0,25899.0,16517.0,19560.0,14513.0,12614.0,13714.0
76,25124,25267,22185,13780,12569,29673,16763,16981,10762,9475,-4549,8504,5204,3018,3094,15271,radiant,24530.0,30356.0,24553.0,17108.0,21090.0,17309.0,13079.0,11023.0,11923.0,9730.0
77,29409,19658,19762,9870,8903,24751,23076,20242,16897,10556,4658,-3418,-480,-7027,-1653,-7920,dire,28816.0,24673.0,19777.0,22455.0,19903.0,19869.0,10051.0,16517.0,8980.0,10561.0
78,33800,22047,20075,13357,12719,26616,19603,16494,10616,8424,7184,2444,3581,2741,4295,20245,radiant,31589.0,26704.0,21283.0,19789.0,18929.0,16695.0,12784.0,10795.0,12140.0,8579.0
79,32991,26116,21970,17353,12723,29320,22083,20286,14052,12125,3671,4033,1684,3301,598,13287,radiant,32763.0,29003.0,26278.0,22167.0,21988.0,20544.0,17623.0,13982.0,12776.0,12083.0
80,31147,24818,24096,13737,13721,28575,19216,19134,12094,11854,2572,5602,4962,1643,1867,16646,radiant,31894.0,27946.0,25298.0,19459.0,23752.0,19554.0,13636.0,12234.0,13930.0,11942.0
81,25399,24224,16923,13931,8984,28686,23261,17892,19666,14142,-3287,963,-969,-5735,-5158,-14186,dire,25709.0,27952.0,24139.0,22857.0,17036.0,17575.0,13571.0,19077.0,8992.0,13777.0
82,22718,22027,20418,14911,10052,22206,20255,16061,12099,8951,512,1772,4357,2812,1101,10554,radiant,21757.0,21930.0,20809.0,20048.0,19378.0,15802.0,13966.0,11146.0,9869.0,9041.0
83,28551,26255,22543,15036,12616,27116,22779,17472,14251,10954,1435,3476,5071,785,1662,12429,radiant,28775.0,26517.0,26689.0,22486.0,23129.0,17430.0,15434.0,14438.0,12895.0,11062.0
84,31592,25238,22621,19435,17616,24965,21747,17803,15843,13328,6627,3491,4818,3592,4288,22816,radiant,30683.0,24894.0,25176.0,21612.0,22516.0,18044.0,19462.0,15751.0,18081.0,13497.0
85,36079,26915,18660,16479,12886,32074,25402,23179,15953,14541,4005,1513,-4519,526,-1655,-130,dire,35640.0,32127.0,27600.0,25027.0,19190.0,23224.0,16529.0,16302.0,13162.0,14165.0
86,24535,22196,18817,12191,10586,28422,21748,16749,13323,12666,-3887,448,2068,-1132,-2080,-4583,radiant,24671.0,28274.0,22329.0,21198.0,19162.0,16396.0,12146.0,12796.0,10768.0,12350.0
87,23783,22812,24312,11813,11581,24897,17627,19248,9421,9708,-1114,5185,5064,2392,1873,13400,radiant,23492.0,24253.0,22462.0,17923.0,24276.0,19181.0,11842.0,9589.0,11715.0,9924.0
88,19616,20739,18568,11882,10311,24751,20943,18584,15577,11383,-5135,-204,-16,-3695,-1072,-10122,dire,19729.0,24835.0,20409.0,21458.0,18973.0,18975.0,12135.0,15807.0,10491.0,11517.0
89,24982,24427,24377,15063,12854,23506,23995,14108,15366,10089,1476,432,10269,-303,2765,14639,dire,25354.0,23323.0,24261.0,24045.0,24474.0,14275.0,15019.0,15384.0,12860.0,10340.0
90,29088,23545,23375,15943,11810,20629,20548,19869,13034,9540,8459,2997,3506,2909,2270,20141,radiant,28810.0,20379.0,23523.0,20364.0,23090.0,20228.0,15788.0,13305.0,11722.0,9534.0
91,23798,22288,22071,15287,12842,20900,21946,20925,12293,10445,2898,342,1146,2994,2397,9777,radiant,22835.0,21188.0,21522.0,21748.0,22071.0,20686.0,14916.0,12278.0,12561.0,10542.0
92,28646,22056,18182,13723,13297,33607,29702,21051,16398,13900,-4961,-7646,-2869,-2675,-603,-18754,dire,28204.0,32639.0,22107.0,28332.0,17846.0,20593.0,13269.0,15980.0,13074.0,13666.0
93,29302,24508,16727,12199,11456,31700,29430,20377,14196,13442,-2398,-4922,-3650,-1997,-1986,-14953,dire,29007.0,31715.0,24242.0,30181.0,16749.0,20731.0,12455.0,14419.0,11172.0,13807.0
94,27859,23358,19405,11234,11175,29785,22817,16156,13234,11295,-1926,541,3249,-2000,-120,-256,dire,26926.0,29077.0,23242.0,21965.0,19651.0,16273.0,11301.0,12398.0,11017.0,11270.0
95,31019,25459,22760,14772,14548,30337,17652,17322,13023,12510,682,7807,5438,1749,2038,17714,radiant,31131.0,29957.0,25903.0,17650.0,22824.0,17714.0,15021.0,13289.0,14586.0,12762.0
96,27737,21403,19518,17732,16016,24820,22078,19267,16345,15444,2917,-675,251,1387,572,4452,radiant,27363.0,25101.0,21035.0,22482.0,18798.0,19697.0,16893.0,16775.0,15617.0,15779.0
97,32381,28091,25275,21400,15637,28691,29365,19853,16451,14388,3690,-1274,5422,4949,1249,14036,radiant,30771.0,28409.0,27511.0,28767.0,24368.0,19861.0,21162.0,16677.0,16053.0,13703.0
98,33608,29685,20414,16543,15215,24111,23180,14938,14608,11284,9497,6505,5476,1935,3931,27344,radiant,31777.0,24761.0,27814.0,23519.0,19313.0,14975.0,15870.0,14881.0,14346.0,11569.0
99,27132,25044,21513,16626,10642,31086,21653,18497,15910,14521,-3954,3391,3016,716,-3879,-710,dire,26996.0,31513.0,25087.0,22428.0,21623.0,19018.0,16802.0,16402.0,10717.0,15012.0
100,32476,21538,21847,17198,11292,33822,30099,20412,17415,15119,-1346,-8561,1435,-217,-3827,-12516,dire,32503.0,33816.0,21638.0,30133.0,21849.0,20115.0,17426.0,17911.0,11286.0,15365.0
101,26544,21592,19015,12761,10435,26669,22917,16306,19609,15724,-125,-1325,2709,-6848,-5289,-10878,dire,26102.0,26084.0,20712.0,22506.0,18741.0,16076.0,12233.0,19488.0,9754.0,15583.0
102,30528,26235,19882,15071,10157,25048,23512,24640,13063,14067,5480,2723,-4758,2008,-3910,1543,radiant,30116.0,24853.0,25654.0,23857.0,19844.0,24577.0,14971.0,13319.0,10299.0,14322.0
103,33873,23418,16816,18022,17973,21851,20013,19895,15299,11412,12022,3405,-3079,2723,6561,21632,radiant,33938.0,21625.0,23397.0,20169.0,16939.0,19935.0,18245.0,15336.0,18158.0,11627.0
104,25003,18473,19180,12294,9961,29733,22978,18200,11793,11191,-4730,-4505,980,501,-1230,-8984,dire,24753.0,29590.0,18335.0,22995.0,18952.0,18438.0,11876.0,11898.0,9820.0,11425.0
105,26650,23361,23067,15615,13535,33086,28823,21665,16003,13434,-6436,-5462,1402,-388,101,-10783,dire,25982.0,32694.0,21924.0,28145.0,22407.0,21160.0,14937.0,15093.0,12789.0,12454.0
106,21134,18074,16089,15548,11391,26930,23461,23338,18065,16617,-5796,-5387,-7249,-2517,-5226,-26175,dire,21533.0,26230.0,18451.0,23049.0,16440.0,23028.0,15824.0,18050.0,11545.0,16462.0
107,22187,19892,18704,14733,10003,27953,19359,17428,13004,10637,-5766,533,1276,1729,-634,-2862,dire,21936.0,27345.0,20380.0,19339.0,18997.0,17348.0,14901.0,12973.0,10085.0,10510.0
108,31914,23470,21508,16725,11815,28806,22324,21318,14466,11828,3108,1146,190,2259,-13,6690,radiant,31906.0,29006.0,23298.0,22665.0,21835.0,21232.0,16432.0,14472.0,12046.0,11868.0
109,24902,22578,19268,11853,9497,23750,23638,22481,13578,13339,1152,-1060,-3213,-1725,-3842,-8688,radiant,25192.0,23533.0,22567.0,23665.0,18820.0,22339.0,12021.0,13575.0,9721.0,13373.0
110,27987,23193,19626,17123,11737,22506,20913,17216,12955,11576,5481,2280,2410,4168,161,14500,radiant,28453.0,22775.0,23122.0,20615.0,19756.0,17277.0,17676.0,13126.0,11965.0,11839.0
111,23950,22247,21069,12406,12276,26016,19302,15462,13692,12663,-2066,2945,5607,-1286,-387,4813,radiant,23567.0,25303.0,22362.0,19145.0,20931.0,15312.0,12607.0,14015.0,12190.0,12713.0
112,20573,20672,14264,12399,9614,23326,22759,23410,22243,12481,-2753,-2087,-9146,-9844,-2867,-26697,dire,20491.0,23840.0,20750.0,22988.0,14464.0,23772.0,12556.0,22073.0,9892.0,12674.0
113,21744,22225,22092,13178,8553,26025,24783,17968,15163,13845,-4281,-2558,4124,-1985,-5292,-9992,dire,21511.0,26044.0,21926.0,24872.0,21330.0,18158.0,13041.0,15397.0,8172.0,14002.0
114,24672,22065,18309,16429,9656,26504,22356,21348,16615,14946,-1832,-291,-3039,-186,-5290,-10638,dire,24120.0,26343.0,22044.0,22166.0,18277.0,21092.0,16563.0,16218.0,9675.0,14983.0
115,32599,19791,18921,14292,15607,32617,26676,23418,13359,10964,-18,-6885,-4497,933,4643,-5824,dire,31931.0,31730.0,19894.0,26825.0,18971.0,23290.0,14671.0,13666.0,15543.0,11181.0
116,31745,20738,20942,11268,10727,29263,24631,20688,12369,9098,2482,-3893,254,-1101,1629,-629,dire,31543.0,28977.0,20858.0,24866.0,21425.0,20594.0,11530.0,12587.0,10811.0,9188.0
117,31482,22862,17734,10662,11861,29335,22886,23048,12432,12110,2147,-24,-5314,-1770,-249,-5210,radiant,31929.0,29135.0,23093.0,22841.0,17508.0,23510.0,10922.0,12781.0,11837.0,12381.0
118,26210,21510,19578,12562,9067,21794,20790,21935,13594,10588,4416,720,-2357,-1032,-1521,226,dire,25658.0,21983.0,21821.0,21128.0,19494.0,22242.0,12561.0,13870.0,9107.0,10589.0
119,26745,20988,17104,12756,10294,32141,25639,19663,16746,16005,-5396,-4651,-2559,-3990,-5711,-22307,dire,27182.0,30183.0,20347.0,25144.0,17397.0,18882.0,13006.0,15883.0,10438.0,15374.0
120,25019,22462,18433,13718,12096,33278,22124,19273,15512,11502,-8259,338,-840,-1794,594,-9961,dire,23534.0,33046.0,21691.0,22338.0,18407.0,19490.0,12561.0,15762.0,12213.0,11499.0
121,31051,22889,17880,12895,10043,24857,20283,16242,8249,9443,6194,2606,1638,4646,600,15684,radiant,30486.0,24922.0,22929.0,20036.0,17715.0,16266.0,12993.0,8483.0,9936.0,9430.0
122,29988,25825,19263,17960,15772,30536,24810,19063,17704,12527,-548,1015,200,256,3245,4168,radiant,30128.0,30370.0,25814.0,24736.0,19635.0,18820.0,18075.0,18070.0,16154.0,12739.0
123,25311,22881,20852,15738,12479,20922,16261,19008,13228,13793,4389,6620,1844,2510,-1314,14049,radiant,24886.0,21202.0,22256.0,16403.0,20506.0,19341.0,15512.0,13530.0,12195.0,13796.0
124,29551,23101,18684,13158,11804,24938,23162,22419,19508,17562,4613,-61,-3735,-6350,-5758,-11291,radiant,28571.0,25697.0,22820.0,23243.0,18278.0,22885.0,12862.0,19499.0,11491.0,17952.0
125,35002,23808,23655,18192,12843,26041,24063,17987,13129,11928,8961,-255,5668,5063,915,20352,radiant,35509.0,26001.0,23753.0,23225.0,23869.0,17662.0,18486.0,12193.0,12629.0,11321.0
126,31120,22732,23626,13017,9820,30527,26036,19542,12556,13464,593,-3304,4084,461,-3644,-1810,dire,30655.0,29792.0,23218.0,26189.0,23955.0,19533.0,13259.0,12650.0,10045.0,13739.0
127,26404,22304,20047,14828,10591,26972,22706,19379,12135,13174,-568,-402,668,2693,-2583,-192,radiant,26937.0,26799.0,22721.0,22188.0,20293.0,19110.0,15074.0,11363.0,10854.0,12935.0
128,29558,18263,16825,10832,10638,27687,20953,18816,13513,10348,1871,-2690,-1991,-2681,290,-5201,dire,28962.0,27815.0,18021.0,21087.0,16553.0,18903.0,10829.0,13709.0,10655.0,10476.0
129,25265,23147,15404,13848,10911,23259,20822,17365,10860,9938,2006,2325,-1961,2988,973,6331,dire,24877.0,22701.0,23267.0,20558.0,15219.0,17592.0,13738.0,10777.0,11040.0,10131.0
130,23154,22418,20936,14148,12540,27031,19290,16448,15202,13664,-3877,3128,4488,-1054,-1124,1561,dire,22769.0,26826.0,22040.0,19584.0,20835.0,16655.0,14208.0,15217.0,12820.0,13851.0
131,30306,25733,24953,12332,10761,27952,18506,14775,13673,9143,2354,7227,10178,-1341,1618,20036,radiant,29033.0,28428.0,25153.0,18692.0,24224.0,15098.0,11359.0,13709.0,10529.0,9034.0
132,35861,27370,26364,15702,13569,28613,24281,16069,10091,10083,7248,3089,10295,5611,3486,29729,radiant,35807.0,29154.0,27110.0,23879.0,26255.0,16305.0,15355.0,9735.0,12639.0,10084.0
133,27890,20724,17748,18425,13006,23160,21042,17282,13628,10184,4730,-318,466,4797,2822,12497,radiant,27925.0,22880.0,20829.0,20829.0,17960.0,17504.0,18945.0,13338.0,13247.0,10044.0
134,25163,25786,17090,13432,10053,23606,22865,19230,10280,10522,1557,2921,-2140,3152,-469,5021,radiant,25081.0,23170.0,25349.0,22822.0,17045.0,18847.0,13321.0,10259.0,9825.0,10634.0
135,33799,19429,20239,11789,13160,25644,22250,17119,18408,10909,8155,-2821,3120,-6619,2251,4086,radiant,32916.0,25041.0,19634.0,22133.0,20058.0,17234.0,11836.0,18233.0,13282.0,10819.0
136,23991,21457,20185,10928,12036,28383,23168,20630,18492,14667,-4392,-1711,-445,-7564,-2631,-16743,radiant,23343.0,26548.0,20421.0,22036.0,20064.0,19680.0,11127.0,18333.0,11465.0,14853.0
137,25115,22293,22215,12754,11456,23452,21472,16055,11445,10501,1663,821,6160,1309,955,10908,radiant,25244.0,22735.0,22217.0,20519.0,22487.0,15617.0,12954.0,11486.0,11606.0,9839.0
138,26628,23970,19802,19504,12657,23281,20900,20002,14152,10297,3347,3070,-200,5352,2360,13929,radiant,26667.0,23385.0,24562.0,20959.0,19462.0,19791.0,19228.0,14073.0,12993.0,10260.0
139,26842,25751,23938,12969,12909,25811,19921,19303,15489,13868,1031,5830,4635,-2520,-959,8017,radiant,27061.0,24887.0,25884.0,19718.0,24242.0,19104.0,12984.0,15093.0,13032.0,13240.0
140,25101,21576,24888,15291,14632,24042,24055,16481,14277,10310,1059,-2479,8407,1014,4322,12323,dire,25733.0,23495.0,22045.0,23031.0,25248.0,16479.0,15778.0,13571.0,14952.0,10416.0
141,23460,23236,15523,13327,10030,36365,25728,19571,16732,13856,-12905,-2492,-4048,-3405,-3826,-26676,dire,23082.0,36050.0,23467.0,25282.0,15593.0,19570.0,13488.0,16399.0,10278.0,13772.0
142,25864,25685,21943,14674,12574,26759,26164,17159,13446,10860,-895,-479,4784,1228,1714,6352,radiant,26158.0,26571.0,25492.0,26051.0,22426.0,17662.0,14968.0,13758.0,12037.0,11013.0
143,28247,21845,18721,13858,10687,25160,25043,24691,12778,12516,3087,-3198,-5970,1080,-1829,-6830,dire,26736.0,25172.0,22419.0,25626.0,17906.0,24991.0,13339.0,12669.0,10670.0,12779.0
144,22936,21669,19867,15518,12955,26636,25072,23501,13838,9785,-3700,-3403,-3634,1680,3170,-5887,radiant,23167.0,26188.0,21502.0,24820.0,19992.0,23576.0,15719.0,13833.0,13164.0,10002.0
145,27264,24979,18559,15008,11965,28846,24519,18034,13495,11845,-1582,460,525,1513,120,1036,dire,25625.0,28912.0,24011.0,24649.0,17814.0,18106.0,14688.0,13645.0,11689.0,11894.0
146,23007,19463,18536,12838,12991,28067,24628,18742,19694,14429,-5060,-5165,-206,-6856,-1438,-18725,dire,23129.0,28177.0,19274.0,24876.0,18514.0,18673.0,12992.0,19540.0,12723.0,14412.0
147,23664,18388,20104,16470,12291,22587,19737,15996,11486,10349,1077,-1349,4108,4984,1942,10762,dire,23724.0,22804.0,18928.0,20194.0,19952.0,16103.0,16492.0,11696.0,12621.0,10548.0
148,23590,18310,17272,13234,11434,22863,22161,17617,13478,10901,727,-3851,-345,-244,533,-3180,radiant,23927.0,22907.0,18024.0,22309.0,17470.0,17773.0,13217.0,13831.0,11395.0,11127.0
149,23874,21742,19115,13664,11323,25356,18135,20253,15707,12492,-1482,3607,-1138,-2043,-1169,-2225,dire,23835.0,25246.0,21378.0,18262.0,18909.0,20419.0,13202.0,15676.0,11424.0,12540.0
150,26291,21280,19005,15761,12699,32865,22957,20381,18269,11891,-6574,-1677,-1376,-2508,808,-11327,dire,25879.0,32359.0,21350.0,22798.0,18946.0,20721.0,16153.0,18674.0,12806.0,12160.0
151,27843,23279,19264,18760,14324,23894,24405,19865,15326,13714,3949,-1126,-601,3434,610,6266,radiant,27571.0,23623.0,23248.0,24216.0,19199.0,19905.0,18208.0,15115.0,14048.0,13511.0
152,20156,14594,16096,12278,8319,26714,20200,18959,12509,11597,-6558,-5606,-2863,-231,-3278,-18536,dire,20369.0,27002.0,14673.0,20619.0,16149.0,19183.0,12364.0,12832.0,8487.0,11814.0
153,26965,20034,19886,13313,10110,25032,23630,15538,15123,10391,1933,-3596,4348,-1810,-281,594,radiant,26726.0,24474.0,19078.0,23630.0,18367.0,15671.0,12877.0,14959.0,9435.0,10529.0
154,22604,21938,19817,13652,9094,29233,24136,21873,15296,11638,-6629,-2198,-2056,-1644,-2544,-15071,dire,23044.0,27980.0,21983.0,23690.0,20178.0,21122.0,13951.0,14155.0,8930.0,11076.0
155,28372,25477,17716,12793,10398,29555,26380,21792,13015,11489,-1183,-903,-4076,-222,-1091,-7475,radiant,28805.0,29282.0,25890.0,26102.0,17785.0,21517.0,12903.0,12873.0,10506.0,11349.0
156,30303,30266,21533,14895,13669,28813,20943,20497,14959,14607,1490,9323,1036,-64,-938,10847,radiant,29283.0,29134.0,28959.0,20812.0,21112.0,20394.0,14410.0,14520.0,12928.0,14036.0
157,22020,22833,19647,17946,12845,34074,22674,18851,14538,9490,-12054,159,796,3408,3355,-4336,dire,22068.0,34299.0,23133.0,22785.0,19812.0,19192.0,17905.0,14627.0,13110.0,9530.0
158,28316,20405,18894,19045,12396,28010,18244,19210,14149,14294,306,2161,-316,4896,-1898,5149,dire,28383.0,28057.0,20221.0,18021.0,18478.0,19525.0,19100.0,14360.0,12625.0,14394.0
159,27872,23503,20179,18235,14058,27726,22937,18512,14183,9870,146,566,1667,4052,4188,10619,radiant,26842.0,27627.0,23002.0,22864.0,19330.0,18074.0,17342.0,13882.0,13774.0,9632.0
160,29957,20986,18616,13404,11205,27097,23554,19227,19459,12760,2860,-2568,-611,-6055,-1555,-7929,dire,30687.0,26461.0,21024.0,23447.0,18161.0,18276.0,13331.0,19472.0,11201.0,12670.0
161,29942,19353,16724,13918,10188,28219,23968,21424,14755,12524,1723,-4615,-4700,-837,-2336,-10765,dire,29837.0,27467.0,19511.0,23488.0,17048.0,21127.0,14080.0,14633.0,10370.0,12417.0
162,28632,21224,19385,15467,13273,32014,20495,17740,15783,12317,-3382,729,1645,-316,956,-368,radiant,29146.0,30951.0,21658.0,20019.0,19480.0,16914.0,15637.0,14500.0,13239.0,11936.0
163,24555,24017,21305,12459,11925,29299,26913,22137,16063,12636,-4744,-2896,-832,-3604,-711,-12787,dire,24107.0,28710.0,24405.0,26679.0,21611.0,21637.0,12658.0,16065.0,11951.0,11956.0
164,21690,20770,18809,12460,12997,26832,23273,21167,13594,12209,-5142,-2503,-2358,-1134,788,-10349,dire,21666.0,26696.0,21020.0,23516.0,18869.0,21345.0,12588.0,13637.0,13234.0,12281.0
165,31749,29895,22465,16302,14186,32010,25640,22614,19370,10722,-261,4255,-149,-3068,3464,4241,dire,32129.0,28941.0,30598.0,24566.0,22298.0,22680.0,16426.0,18366.0,14317.0,10041.0
166,31445,25441,21886,17225,15361,27964,18333,17218,16509,12801,3481,7108,4668,716,2560,18533,radiant,31230.0,26598.0,25175.0,18025.0,21278.0,17278.0,16673.0,16164.0,14791.0,11775.0
167,25447,23370,19524,18216,13454,28137,17653,15693,13127,8576,-2690,5717,3831,5089,4878,16825,radiant,25058.0,28717.0,23274.0,18054.0,19808.0,16076.0,18288.0,13486.0,13522.0,8797.0
168,27095,22600,17948,17450,12316,32082,22640,21375,13661,13925,-4987,-40,-3427,3789,-1609,-6274,radiant,26999.0,32501.0,22366.0,22434.0,17656.0,21232.0,16941.0,13851.0,12613.0,13915.0
169,24272,23055,19990,16235,10940,24595,21949,19360,15842,11415,-323,1106,630,393,-475,1331,radiant,23701.0,24921.0,23188.0,21932.0,19766.0,18995.0,15627.0,16011.0,10700.0,11638.0
170,24192,21132,21016,13034,11078,26366,26853,19733,13628,11840,-2174,-5721,1283,-594,-762,-7968,radiant,23924.0,26597.0,21408.0,26506.0,21037.0,19608.0,13122.0,13863.0,11265.0,11517.0
171,22972,22568,20875,12650,10074,27712,22357,18355,18256,13903,-4740,211,2520,-5606,-3829,-11444,dire,22450.0,27356.0,22756.0,22609.0,20963.0,18529.0,12233.0,18206.0,9953.0,14046.0
172,30136,20767,20663,19147,11835,24009,23416,16690,13298,10901,6127,-2649,3973,5849,934,14234,radiant,29584.0,23632.0,20887.0,23414.0,20692.0,16044.0,19396.0,13191.0,12034.0,10838.0
173,28843,25291,16939,15781,12264,26185,22345,19004,10580,9589,2658,2946,-2065,5201,2675,11415,radiant,28286.0,25410.0,25040.0,21911.0,16682.0,18919.0,15460.0,10577.0,12011.0,9586.0
174,29893,21225,20342,12046,11778,24666,21683,17472,10598,10673,5227,-458,2870,1448,1105,10192,dire,29845.0,24574.0,20900.0,21261.0,20429.0,17614.0,12391.0,10630.0,11731.0,10815.0
175,24365,19522,16186,10498,11122,24966,22273,19097,15035,12924,-601,-2751,-2911,-4537,-1802,-12602,dire,22328.0,25412.0,18695.0,21721.0,15082.0,19400.0,9961.0,14885.0,10151.0,13179.0
176,20966,20795,13696,8935,7739,29656,20260,18204,11034,10585,-8690,535,-4508,-2099,-2846,-17608,dire,21136.0,29447.0,20660.0,20261.0,13717.0,18290.0,9029.0,11121.0,7878.0,10649.0
177,33492,27858,20320,14026,13550,26116,18657,18318,15488,15351,7376,9201,2002,-1462,-1801,15316,radiant,33098.0,24933.0,28152.0,17973.0,20199.0,17897.0,13972.0,14736.0,13555.0,15027.0
178,24881,22202,19216,17402,11217,27187,23600,20140,14850,14149,-2306,-1398,-924,2552,-2932,-5008,dire,25586.0,27612.0,22901.0,22660.0,19751.0,19305.0,17934.0,14783.0,11555.0,14103.0
179,29848,19162,18082,12920,11998,29678,24125,17324,15900,14379,170,-4963,758,-2980,-2381,-9396,dire,29534.0,29566.0,19017.0,24219.0,18334.0,17438.0,12609.0,16021.0,12167.0,14491.0
180,32723,23327,17069,15684,15377,25416,21365,21018,16463,15161,7307,1962,-3949,-779,216,4757,radiant,32242.0,26005.0,23193.0,21623.0,16992.0,21564.0,15665.0,16359.0,15396.0,15634.0
181,26240,20809,18558,11671,9980,31779,25720,21308,11622,8104,-5539,-4911,-2750,49,1876,-11275,dire,25937.0,31935.0,20054.0,25910.0,18097.0,21520.0,11227.0,11886.0,9661.0,8334.0
182,27972,21124,21331,21161,13944,29623,19774,17275,15741,15654,-1651,1350,4056,5420,-1710,7465,radiant,27978.0,28847.0,21479.0,19351.0,21609.0,17201.0,21368.0,15871.0,14305.0,15228.0
183,24465,24643,22941,14103,12854,24002,22492,22678,14659,16353,463,2151,263,-556,-3499,-1178,radiant,24320.0,23886.0,24563.0,22477.0,22811.0,22367.0,13954.0,14224.0,13160.0,16431.0
184,34714,23522,18096,14332,9422,30926,26181,23909,13668,12794,3788,-2659,-5813,664,-3372,-7392,radiant,35019.0,31315.0,24165.0,26713.0,18160.0,24215.0,14701.0,13533.0,9633.0,13136.0
185,38920,22921,15550,13656,11383,25298,19822,19934,12757,13059,13622,3099,-4384,899,-1676,11560,dire,39444.0,25616.0,23441.0,19402.0,15802.0,20296.0,13738.0,13025.0,11644.0,13404.0
186,25915,21630,22263,20327,12207,33499,26713,18044,12802,11922,-7584,-5083,4219,7525,285,-638,radiant,24522.0,31982.0,21337.0,26582.0,21687.0,17648.0,19267.0,12411.0,11934.0,11710.0
187,28304,27026,19782,18588,14276,37613,31595,23704,16175,10757,-9309,-4569,-3922,2413,3519,-11868,dire,27620.0,36201.0,26080.0,30707.0,19657.0,23462.0,18157.0,16051.0,13940.0,10853.0
188,34591,24346,19909,14870,11556,23622,23133,18998,11773,11405,10969,1213,911,3097,151,16341,radiant,35231.0,23506.0,23928.0,22692.0,19615.0,18709.0,14880.0,11207.0,11483.0,11544.0
189,28852,23167,18517,12544,10056,27675,25016,21936,17120,12999,1177,-1849,-3419,-4576,-2943,-11610,dire,27982.0,27938.0,22955.0,25543.0,18612.0,22443.0,12433.0,17195.0,9833.0,13175.0
190,29141,20279,19802,14194,11552,24918,24464,23696,17174,13012,4223,-4185,-3894,-2980,-1460,-8296,radiant,29043.0,24694.0,20605.0,24792.0,19743.0,23436.0,14598.0,17343.0,11579.0,13126.0
191,24016,20812,20808,13097,11715,29937,26225,25013,14729,13553,-5921,-5413,-4205,-1632,-1838,-19009,dire,23186.0,29310.0,20920.0,26553.0,20590.0,24970.0,12452.0,14743.0,11626.0,13625.0
192,30239,18899,18179,17230,14605,26904,25716,25905,15467,14618,3335,-6817,-7726,1763,-13,-9458,dire,30438.0,27324.0,19085.0,25582.0,18246.0,26070.0,17771.0,15546.0,14477.0,14813.0
193,30531,22595,23229,13223,11337,33264,23475,17405,12547,10454,-2733,-880,5824,676,883,3770,dire,30859.0,31954.0,22366.0,22631.0,22918.0,17314.0,13636.0,11785.0,11570.0,9890.0
194,23480,18480,14781,12176,8501,31309,26813,18903,13964,13712,-7829,-8333,-4122,-1788,-5211,-27283,dire,23811.0,30918.0,18549.0,26810.0,14746.0,18794.0,12276.0,14029.0,8324.0,13723.0
195,25604,22101,15273,14416,9935,28053,22014,18458,13620,11896,-2449,87,-3185,796,-1961,-6712,radiant,25922.0,27974.0,22373.0,21978.0,15498.0,18166.0,14764.0,13514.0,10121.0,11799.0
196,27682,14277,17104,12370,10471,25026,24246,22569,16175,12393,2656,-9969,-5465,-3805,-1922,-18505,dire,28125.0,25044.0,14376.0,24932.0,17128.0,23184.0,12781.0,16450.0,10301.0,12663.0
197,27007,26148,24506,20394,15847,29605,20356,19954,13123,10902,-2598,5792,4552,7271,4945,19962,radiant,27234.0,30034.0,25904.0,19686.0,24588.0,19968.0,20919.0,13127.0,16256.0,11003.0
198,24151,21380,18814,16676,10749,27813,25229,20762,12800,10901,-3662,-3849,-1948,3876,-152,-5735,dire,24646.0,28085.0,21821.0,25292.0,19002.0,21172.0,16662.0,13245.0,10910.0,10919.0
199,25443,19785,19559,11230,11504,21936,20215,20458,15817,12022,3507,-430,-899,-4587,-518,-2927,radiant,25262.0,22410.0,19813.0,20411.0,19457.0,20489.0,11120.0,15556.0,11408.0,12233.0
200,30215,28581,25260,19222,15756,29095,22354,15867,10417,8901,1120,6227,9393,8805,6855,32400,radiant,30248.0,29386.0,28292.0,22503.0,25209.0,15836.0,19086.0,10294.0,15807.0,9036.0
201,23682,22090,21863,16737,12460,26103,25014,17275,17488,13382,-2421,-2924,4588,-751,-922,-2430,radiant,22699.0,26288.0,21717.0,25609.0,22361.0,17101.0,17136.0,17766.0,12022.0,13793.0
202,28357,24443,22427,19204,13102,27716,22366,18092,16015,12401,641,2077,4335,3189,701,10943,radiant,27858.0,27424.0,24607.0,21944.0,22205.0,18238.0,19037.0,15998.0,13440.0,12460.0
203,22805,20228,18653,16526,10621,27498,23791,21506,12957,12096,-4693,-3563,-2853,3569,-1475,-9015,dire,22993.0,26827.0,20331.0,23644.0,18636.0,21300.0,16553.0,13013.0,10810.0,12242.0
204,26128,19991,18383,13858,12627,26683,20458,18342,15463,9884,-555,-467,41,-1605,2743,157,radiant,26209.0,26524.0,20423.0,20381.0,18629.0,18218.0,14255.0,15208.0,12688.0,10019.0
205,27417,22915,22146,13706,12870,31593,27731,22159,19877,14167,-4176,-4816,-13,-6171,-1297,-16473,dire,27965.0,30430.0,22446.0,28247.0,21705.0,21979.0,13799.0,20086.0,12840.0,14666.0
206,24430,21337,17311,11940,8505,21559,21558,18922,12373,12841,2871,-221,-1611,-433,-4336,-3730,radiant,24494.0,21379.0,21035.0,21516.0,17384.0,18520.0,11965.0,12077.0,8525.0,12538.0
207,24904,24832,24508,14536,13318,28345,16250,15747,12267,11344,-3441,8582,8761,2269,1974,18145,radiant,24373.0,25317.0,24931.0,14940.0,24178.0,14791.0,14112.0,12151.0,13279.0,10251.0
208,26136,22648,17023,11057,9791,24512,25629,22623,18277,16668,1624,-2981,-5600,-7220,-6877,-21054,dire,25328.0,23877.0,22115.0,25387.0,16562.0,22051.0,10747.0,17630.0,9611.0,16093.0
209,29461,19909,17553,18141,11722,29284,20651,19082,18598,13231,177,-742,-1529,-457,-1509,-4060,radiant,29463.0,28717.0,20202.0,20531.0,17748.0,19112.0,18622.0,18195.0,12009.0,13314.0
210,24264,21955,21753,20632,15902,27825,24813,15981,12811,8742,-3561,-2858,5772,7821,7160,14334,radiant,24750.0,26879.0,22105.0,23686.0,22149.0,15789.0,21039.0,12036.0,16426.0,8240.0
211,27122,24876,22113,14042,10730,23372,22822,18583,13590,10819,3750,2054,3530,452,-89,9697,radiant,25897.0,23255.0,23586.0,22716.0,21572.0,18010.0,13342.0,13603.0,9800.0,10719.0
212,21395,20577,18601,13241,11564,32063,24276,19592,13274,12175,-10668,-3699,-991,-33,-611,-16002,dire,20791.0,31849.0,20290.0,24389.0,18423.0,19835.0,13199.0,13441.0,11569.0,12358.0
213,33340,23118,15514,13634,12469,27772,22735,19120,17069,12086,5568,383,-3606,-3435,383,-707,dire,33776.0,27363.0,23439.0,21742.0,15669.0,18828.0,13744.0,16750.0,12267.0,11271.0
214,25479,20822,16767,14276,14860,23922,24084,20728,16444,15074,1557,-3262,-3961,-2168,-214,-8048,radiant,24721.0,23335.0,21046.0,23593.0,16952.0,20248.0,14463.0,16151.0,14646.0,14814.0
215,29102,23697,22006,14015,13592,24672,18950,17694,14901,9313,4430,4747,4312,-886,4279,16882,radiant,28518.0,24542.0,23392.0,19054.0,21912.0,17805.0,13579.0,14903.0,13259.0,9541.0
216,25410,21862,20753,15138,12245,28048,24033,18247,18963,15539,-2638,-2171,2506,-3825,-3294,-9422,dire,25901.0,27861.0,22355.0,22553.0,20996.0,18210.0,15664.0,18825.0,12608.0,15091.0
217,23791,24706,21267,13858,9014,23731,22815,19572,15289,13199,60,1891,1695,-1431,-4185,-1970,radiant,23655.0,24025.0,24989.0,22799.0,21022.0,19535.0,13871.0,15354.0,9033.0,13104.0
218,26224,24313,24006,12906,12042,29964,18039,16350,11531,7449,-3740,6274,7656,1375,4593,16158,radiant,26155.0,29604.0,23715.0,18315.0,23497.0,16522.0,12361.0,11765.0,12405.0,7591.0
219,23875,21559,17587,13950,8209,28901,19383,19216,14309,13807,-5026,2176,-1629,-359,-5598,-10436,radiant,24221.0,28762.0,21883.0,19631.0,16769.0,19393.0,13933.0,14597.0,8436.0,13873.0
220,21473,19700,17076,13254,13198,29079,22696,21719,15688,14231,-7606,-2996,-4643,-2434,-1033,-18712,dire,21151.0,28950.0,19385.0,22803.0,17305.0,21913.0,12868.0,15240.0,12424.0,14225.0
221,21884,21520,20243,11639,9160,30443,23193,20747,17282,14479,-8559,-1673,-504,-5643,-5319,-21698,dire,21965.0,30143.0,21131.0,23015.0,20721.0,20469.0,11693.0,16425.0,9087.0,14392.0
222,27280,22810,21271,13228,11287,20797,21095,18003,19020,10523,6483,1715,3268,-5792,764,6438,radiant,27389.0,21008.0,22734.0,21292.0,21411.0,17667.0,13204.0,19069.0,11383.0,10832.0
223,33162,24262,18894,14165,12076,24469,24613,17379,9578,10206,8693,-351,1515,4587,1870,16314,radiant,32454.0,24198.0,23310.0,24745.0,18565.0,17633.0,13466.0,9775.0,11337.0,10189.0
224,32702,18439,17631,9213,8358,26343,27424,22409,15744,12068,6359,-8985,-4778,-6531,-3710,-17645,dire,32858.0,25963.0,18586.0,27023.0,17935.0,22223.0,9355.0,15800.0,8441.0,12065.0
225,23610,22099,20329,16966,13711,22947,19430,17949,11878,9117,663,2669,2380,5088,4594,15394,radiant,23625.0,22184.0,22265.0,19438.0,20397.0,17677.0,16949.0,11815.0,13895.0,9073.0
226,30819,21634,17735,13315,10097,22464,20173,20802,10601,9242,8355,1461,-3067,2714,855,10318,dire,30521.0,22464.0,21194.0,19987.0,17987.0,20614.0,13365.0,10689.0,10264.0,9183.0
227,28891,21284,17924,18593,13704,32555,19172,16127,11792,12014,-3664,2112,1797,6801,1690,8736,radiant,29986.0,33346.0,21626.0,19396.0,18533.0,15757.0,19159.0,11959.0,14123.0,11912.0
228,30109,18126,18695,12189,10660,26796,23068,19366,11067,11460,3313,-4942,-671,1122,-800,-1978,dire,29981.0,27025.0,18021.0,23616.0,18776.0,19386.0,11690.0,11354.0,10601.0,11766.0
229,31376,22266,17035,8869,8634,25628,25155,21086,13722,13859,5748,-2889,-4051,-4853,-5225,-11270,dire,31131.0,25124.0,22362.0,24098.0,17120.0,21162.0,8833.0,13476.0,8813.0,13615.0
230,22785,20145,19052,11008,8574,32772,21444,19697,15619,14674,-9987,-1299,-645,-4611,-6100,-22642,dire,23040.0,32737.0,20012.0,21036.0,18358.0,19645.0,11219.0,15246.0,8765.0,13745.0
231,30197,19561,19069,11833,11960,33233,23701,21941,12461,9632,-3036,-4140,-2872,-628,2328,-8348,dire,30766.0,33096.0,19604.0,22736.0,19360.0,21241.0,11650.0,12280.0,12149.0,9228.0
232,35406,26530,19015,16378,10768,31490,20113,16198,11629,10892,3916,6417,2817,4749,-124,17775,radiant,33515.0,31372.0,24863.0,19800.0,18720.0,15902.0,15159.0,11309.0,9834.0,9882.0
233,28897,22824,20360,13610,13673,32051,19526,19098,11866,10808,-3154,3298,1262,1744,2865,6015,dire,28693.0,31760.0,23129.0,19223.0,20480.0,18328.0,13698.0,12064.0,13852.0,10487.0
234,25885,21826,19883,11300,10139,30202,23635,18466,17267,15436,-4317,-1809,1417,-5967,-5297,-15973,dire,26015.0,30363.0,21851.0,24002.0,19946.0,18660.0,11617.0,17272.0,10404.0,15739.0
235,23397,22207,19592,14964,11690,25702,23107,16186,13600,11666,-2305,-900,3406,1364,24,1589,radiant,22918.0,26009.0,21568.0,23366.0,19483.0,16154.0,13841.0,13305.0,10803.0,10818.0
236,24016,21130,18970,13309,10894,36909,24430,22648,17881,17004,-12893,-3300,-3678,-4572,-6110,-30553,dire,24561.0,36658.0,21089.0,24024.0,19109.0,22042.0,13339.0,17683.0,10581.0,16674.0
237,26193,20403,19640,11253,10346,30911,26843,22301,13281,13460,-4718,-6440,-2661,-2028,-3114,-18961,dire,25183.0,31366.0,19963.0,27063.0,19331.0,22714.0,11430.0,13638.0,10460.0,13212.0
238,23325,18575,17774,17355,12265,25495,24163,21179,15229,14768,-2170,-5588,-3405,2126,-2503,-11540,dire,23719.0,25675.0,18053.0,23115.0,17842.0,20803.0,17626.0,14687.0,12484.0,14537.0
239,34710,24290,19390,15613,10670,28339,24079,17511,14329,14926,6371,211,1879,1284,-4256,5489,dire,34788.0,28366.0,24315.0,23887.0,19373.0,17258.0,15506.0,14161.0,10860.0,15122.0
240,22313,22145,22318,11675,11754,26249,20233,19113,17952,16389,-3936,1912,3205,-6277,-4635,-9731,dire,22122.0,25916.0,21956.0,19944.0,22316.0,19209.0,11829.0,18229.0,11851.0,16592.0
241,32009,25435,19523,18952,12033,29016,19092,18740,14848,11431,2993,6343,783,4104,602,14825,radiant,31483.0,29327.0,25868.0,19129.0,19607.0,18521.0,19109.0,15216.0,12283.0,11616.0
242,24371,23731,22139,16525,12848,27976,23459,20059,17721,13270,-3605,272,2080,-1196,-422,-2871,dire,24520.0,28202.0,23486.0,23693.0,22029.0,19386.0,16089.0,17847.0,12864.0,13633.0
243,27365,21072,17526,10498,9215,25709,21442,19552,12236,10096,1656,-370,-2026,-1738,-881,-3359,radiant,27323.0,25595.0,21065.0,21725.0,17516.0,19929.0,10614.0,12128.0,9347.0,10161.0
244,31120,18310,16856,14073,10957,29642,26362,17277,16922,16595,1478,-8052,-421,-2849,-5638,-15482,dire,31304.0,29297.0,18320.0,26183.0,16989.0,17165.0,14073.0,16442.0,10709.0,16429.0
245,21590,19403,18399,11957,8953,28614,26986,24446,20315,17066,-7024,-7583,-6047,-8358,-8113,-37125,dire,21996.0,27570.0,20075.0,25990.0,18755.0,24717.0,12180.0,19403.0,9182.0,16819.0
246,24612,20996,16488,16124,11628,29473,25329,24275,14766,9834,-4861,-4333,-7787,1358,1794,-13829,dire,24549.0,28183.0,20836.0,24516.0,16724.0,23037.0,15535.0,14040.0,11267.0,9153.0
247,29643,22609,16849,18295,11888,28118,19815,20493,13285,12307,1525,2794,-3644,5010,-419,5266,dire,29760.0,27076.0,22645.0,18649.0,17269.0,18805.0,17766.0,12386.0,12102.0,11756.0
248,28160,25845,24428,11248,10807,21589,20889,17734,10948,8808,6571,4956,6694,300,1999,20520,radiant,27219.0,21988.0,25042.0,21245.0,23420.0,17721.0,10704.0,10778.0,10007.0,9012.0
249,29798,23143,16209,14840,11424,30225,26979,20255,12661,13093,-427,-3836,-4046,2179,-1669,-7799,dire,29022.0,30392.0,22422.0,26858.0,15240.0,20640.0,14470.0,12723.0,11375.0,13212.0
250,28856,20903,20529,12291,8410,26427,25691,22677,12000,12159,2429,-4788,-2148,291,-3749,-7965,dire,29341.0,25421.0,21286.0,25112.0,21017.0,21539.0,12447.0,11555.0,8634.0,11843.0
251,25866,22452,20139,19307,12349,19582,19098,18729,10830,10843,6284,3354,1410,8477,1506,21031,radiant,25632.0,19463.0,22451.0,19263.0,19857.0,18609.0,19086.0,10872.0,12152.0,10732.0
252,22982,19661,18481,12357,9927,26455,25074,20640,10861,8920,-3473,-5413,-2159,1496,1007,-8542,dire,23256.0,26431.0,19690.0,24916.0,18447.0,20265.0,12470.0,11006.0,10008.0,9024.0
253,29086,21973,18411,10892,11986,28554,18652,17656,10572,8666,532,3321,755,320,3320,8248,radiant,28700.0,28504.0,21701.0,18566.0,17951.0,17336.0,10879.0,10449.0,12164.0,8793.0
254,23214,18633,13982,12949,9959,26422,23175,21495,16851,15019,-3208,-4542,-7513,-3902,-5060,-24225,dire,23562.0,25539.0,18919.0,22657.0,14253.0,20715.0,12885.0,16485.0,9943.0,14454.0
255,25426,24297,21284,17346,12468,26484,24031,20623,15722,12339,-1058,266,661,1624,129,1622,dire,25489.0,25412.0,24684.0,23593.0,21701.0,20461.0,17313.0,15851.0,12802.0,12199.0
256,29808,20473,18541,11510,9789,34461,21025,20551,14945,12807,-4653,-552,-2010,-3435,-3018,-13668,dire,29483.0,33951.0,20532.0,20962.0,18872.0,20065.0,11690.0,14797.0,9970.0,12552.0
257,23678,20985,21891,16965,14116,23979,22253,19473,14443,11804,-301,-1268,2418,2522,2312,5683,radiant,23702.0,24368.0,21433.0,22538.0,22203.0,19516.0,17279.0,14689.0,14442.0,12094.0
258,27447,19976,18282,11404,8751,26209,20422,17910,11979,10982,1238,-446,372,-575,-2231,-1642,dire,27066.0,26432.0,19880.0,19975.0,18082.0,17895.0,10981.0,12064.0,8554.0,10814.0
259,26608,26109,23653,16727,15108,21307,21120,20710,19149,14492,5301,4989,2943,-2422,616,11427,radiant,26374.0,21697.0,26493.0,21308.0,23006.0,20691.0,17214.0,19170.0,15413.0,14551.0
260,22154,17727,16765,13247,11132,27465,21450,17988,16096,11724,-5311,-3723,-1223,-2849,-592,-13698,dire,22037.0,27059.0,17422.0,21775.0,16341.0,17944.0,12830.0,16281.0,11267.0,11816.0
261,22841,22674,18591,16678,12897,30353,23827,21634,19305,16471,-7512,-1153,-3043,-2627,-3574,-17909,dire,23161.0,29914.0,23046.0,23671.0,18474.0,20751.0,16664.0,19435.0,12892.0,16169.0
262,27869,19479,19144,20337,14001,33087,21767,21779,18236,14633,-5218,-2288,-2635,2101,-632,-8672,radiant,27703.0,32361.0,19671.0,21549.0,18251.0,21383.0,20460.0,18148.0,13977.0,14343.0
263,28995,25871,19195,15840,14886,27974,19072,16437,10715,10153,1021,6799,2758,5125,4733,20436,radiant,28535.0,27718.0,25699.0,19181.0,19484.0,15958.0,15147.0,10572.0,14193.0,9800.0
264,25248,19940,16462,10704,8886,27125,20139,17002,13328,11912,-1877,-199,-540,-2624,-3026,-8266,dire,24471.0,26643.0,19721.0,20287.0,16024.0,17019.0,10766.0,13347.0,9083.0,12076.0
265,25072,24078,21465,17961,14297,27519,25833,19893,16638,14722,-2447,-1755,1572,1323,-425,-1732,dire,25668.0,25920.0,24407.0,23840.0,21867.0,18723.0,18166.0,15875.0,14535.0,14073.0
266,28503,23305,18525,10555,9690,31604,27222,19689,15209,13233,-3101,-3917,-1164,-4654,-3543,-16379,dire,28184.0,30530.0,23254.0,26490.0,18636.0,19851.0,10491.0,14113.0,9873.0,12966.0
267,24843,20067,13264,13518,11185,26048,26120,17566,8901,9059,-1205,-6053,-4302,4617,2126,-4817,dire,25136.0,26115.0,20056.0,25625.0,13168.0,17402.0,13693.0,9174.0,11433.0,9302.0
268,25030,18524,18168,13798,11779,33443,21780,21587,20231,14912,-8413,-3256,-3419,-6433,-3133,-24654,dire,24559.0,33486.0,18545.0,21430.0,17880.0,20889.0,13628.0,20018.0,11457.0,14453.0
269,24994,22538,19607,14468,11023,27202,25985,17212,14656,10931,-2208,-3447,2395,-188,92,-3356,dire,24988.0,26925.0,22278.0,25622.0,19631.0,17197.0,14387.0,14499.0,10919.0,10863.0
270,33861,19411,15666,12406,12803,24107,19775,18973,20670,12171,9754,-364,-3307,-8264,632,-1549,radiant,33725.0,24183.0,19212.0,20159.0,15667.0,18558.0,12549.0,20465.0,12958.0,12007.0
271,18836,19182,14772,16600,11724,29021,22810,18490,14003,12800,-10185,-3628,-3718,2597,-1076,-16010,dire,19176.0,29089.0,19561.0,23118.0,15339.0,18360.0,16940.0,14178.0,11859.0,13028.0
272,27253,23420,20220,19738,13970,23656,23007,17645,11501,10562,3597,413,2575,8237,3408,18230,radiant,27991.0,24280.0,23843.0,23425.0,20105.0,18047.0,19628.0,11533.0,14070.0,10292.0
273,25810,25328,21798,14880,15264,23190,20399,19409,13391,11761,2620,4929,2389,1489,3503,14930,radiant,26152.0,23194.0,25701.0,20548.0,22293.0,19442.0,14486.0,13586.0,15476.0,11962.0
274,28861,24286,24979,15083,13785,28243,24911,18452,12309,10736,618,-625,6527,2774,3049,12343,radiant,28633.0,28627.0,24079.0,24443.0,25293.0,18484.0,15221.0,12136.0,14019.0,10555.0
275,28686,27610,24987,13864,13329,25327,23175,16725,11058,11027,3359,4435,8262,2806,2302,21164,radiant,28051.0,25238.0,27325.0,22541.0,24611.0,16283.0,13492.0,10627.0,13209.0,11130.0
276,33819,21726,20075,17452,16099,26652,22670,17971,17779,17291,7167,-944,2104,-327,-1192,6808,dire,33646.0,25657.0,21716.0,22286.0,19834.0,17078.0,17413.0,17410.0,16127.0,16358.0
277,22429,17128,17139,13488,11987,23529,20226,20812,10769,10003,-1100,-3098,-3673,2719,1984,-3168,dire,21966.0,23066.0,17165.0,19707.0,16976.0,20133.0,13048.0,10679.0,11964.0,10150.0
278,27763,17405,15841,15564,13460,27766,25690,20003,15572,13673,-3,-8285,-4162,-8,-213,-12671,dire,26797.0,27298.0,17565.0,25625.0,15909.0,20268.0,15662.0,15395.0,13676.0,13620.0
279,30856,25787,22218,12606,11968,28951,26003,19766,11073,11330,1905,-216,2452,1533,638,6312,radiant,30784.0,28502.0,25563.0,25988.0,22174.0,19452.0,12632.0,11073.0,12147.0,11395.0
280,29310,23059,19246,13539,12726,29110,23086,20932,14792,12767,200,-27,-1686,-1253,-41,-2807,radiant,29482.0,29173.0,23453.0,22771.0,19343.0,21105.0,13868.0,14996.0,13034.0,12654.0
