,rad_pos1_last_gold,rad_pos2_last_gold,rad_pos3_last_gold,rad_pos4_last_gold,rad_pos5_last_gold,dire_pos1_last_gold,dire_pos2_last_gold,dire_pos3_last_gold,dire_pos4_last_gold,dire_pos5_last_gold,pos1_diff,pos2_diff,pos3_diff,pos4_diff,pos5_diff,team_diff,winner,rad_pos1_last_gold,dire_pos1_last_gold,rad_pos2_last_gold,dire_pos2_last_gold,rad_pos3_last_gold,dire_pos3_last_gold,rad_pos4_last_gold,dire_pos4_last_gold,rad_pos5_last_gold,dire_pos5_last_gold
0,21881,22390,20561,9727,9308,24070,24706,18483,11444,11630,-2189,-2316,2078,-1717,-2322,-6466,radiant,20421.0,23955.0,22935.0,24436.0,21138.0,18740.0,9198.0,11479.0,9234.0,11895.0
1,31297,19355,18152,12004,11047,22491,20170,16585,12752,6979,8806,-815,1567,-748,4068,12878,radiant,31030.0,22915.0,19346.0,19671.0,17486.0,16291.0,12266.0,12956.0,11208.0,7082.0
2,26232,18859,14557,12036,10334,21407,18782,16740,16772,12200,4825,77,-2183,-4736,-1866,-3883,radiant,27138.0,21784.0,19210.0,18090.0,14820.0,16327.0,12456.0,15909.0,10384.0,10587.0
3,20814,18014,14897,9711,9141,19631,16957,17788,11054,9683,1183,1057,-2891,-1343,-542,-2536,dire,20956.0,19661.0,18317.0,17416.0,15076.0,17855.0,9993.0,11179.0,9366.0,9878.0
4,29773,20672,14368,13112,12210,23455,19590,14800,11369,9598,6318,1082,-432,1743,2612,11323,radiant,29373.0,22450.0,20299.0,19395.0,13955.0,14442.0,13157.0,11236.0,12114.0,9742.0
5,24588,21041,17335,16050,11065,19459,17830,16064,11514,10129,5129,3211,1271,4536,936,15083,radiant,23773.0,18382.0,20849.0,17060.0,17565.0,15947.0,15882.0,11118.0,11189.0,9696.0
6,22913,19396,15951,10937,10296,27188,17841,17508,12330,11589,-4275,1555,-1557,-1393,-1293,-6963,dire,21013.0,26586.0,19941.0,16474.0,15229.0,16513.0,10717.0,12560.0,10049.0,11774.0
7,20688,17242,14578,10079,7869,23301,18473,14382,12066,8636,-2613,-1231,196,-1987,-767,-6402,radiant,20403.0,23115.0,16833.0,18868.0,14314.0,14632.0,9966.0,12200.0,7537.0,8876.0
8,21337,19761,14193,10932,8809,20557,17702,17274,10440,8241,780,2059,-3081,492,568,818,dire,20398.0,20410.0,19131.0,17725.0,13916.0,17790.0,10393.0,10091.0,8440.0,7810.0
9,17422,17387,15515,11301,10261,28297,19402,16567,12289,12105,-10875,-2015,-1052,-988,-1844,-16774,dire,17667.0,28197.0,17312.0,19798.0,15817.0,16798.0,11518.0,12465.0,10380.0,11857.0
10,23476,18748,18525,16123,11160,24621,22724,18917,13016,10823,-1145,-3976,-392,3107,337,-2069,dire,22499.0,25400.0,17581.0,23189.0,18672.0,19496.0,15274.0,13473.0,10551.0,11218.0
11,19742,16679,14576,9776,9496,26085,21058,18709,11478,8945,-6343,-4379,-4133,-1702,551,-16006,dire,19719.0,26498.0,16737.0,21046.0,14276.0,18124.0,9833.0,11380.0,9860.0,9017.0
12,20693,17872,15307,12836,11602,20696,19234,18686,11871,10588,-3,-1362,-3379,965,1014,-2765,radiant,19933.0,20405.0,17475.0,19704.0,15413.0,18573.0,12356.0,11705.0,11381.0,10526.0
13,20349,16714,13671,10153,8974,25695,24925,20310,12803,11121,-5346,-8211,-6639,-2650,-2147,-24993,dire,20376.0,25715.0,16555.0,25101.0,12936.0,20038.0,9995.0,12880.0,8754.0,11340.0
14,20317,20043,16607,11961,10273,22123,16345,17037,8958,7697,-1806,3698,-430,3003,2576,7041,dire,20020.0,22317.0,19763.0,16132.0,15897.0,17354.0,12020.0,9108.0,10014.0,7916.0
15,22410,20220,17921,12035,9220,23706,24680,15205,9917,9541,-1296,-4460,2716,2118,-321,-1243,radiant,22840.0,23017.0,20551.0,23994.0,18275.0,14697.0,12275.0,9768.0,9424.0,9229.0
16,25202,17303,14658,15165,10601,20325,19227,15246,11305,9823,4877,-1924,-588,3860,778,7003,radiant,25024.0,20127.0,17331.0,18903.0,14233.0,15132.0,15289.0,11187.0,10462.0,9344.0
17,22574,12947,12396,11252,10825,24469,17252,15024,9629,10185,-1895,-4305,-2628,1623,640,-6565,dire,21890.0,24307.0,13250.0,17507.0,12772.0,15014.0,11299.0,9684.0,11092.0,10251.0
18,23505,21262,20193,11057,9419,19481,19353,13961,11619,10600,4024,1909,6232,-562,-1181,10422,radiant,23574.0,17489.0,20983.0,20000.0,20507.0,12457.0,11011.0,11794.0,9363.0,10415.0
19,24806,19365,15224,11490,10807,21164,20007,18136,11383,11192,3642,-642,-2912,107,-385,-190,dire,24650.0,20434.0,19129.0,20036.0,15229.0,18135.0,11495.0,11359.0,11065.0,11366.0
20,23526,19581,13825,9882,9299,24482,21117,14847,12365,11177,-956,-1536,-1022,-2483,-1878,-7875,radiant,23291.0,23973.0,18978.0,20731.0,13825.0,14755.0,9875.0,12566.0,9298.0,11404.0
21,21005,18476,11440,9362,7818,25984,19672,16091,10793,10513,-4979,-1196,-4651,-1431,-2695,-14952,dire,21159.0,25909.0,17929.0,19506.0,11338.0,16155.0,9273.0,10971.0,7794.0,10659.0
22,26074,16684,14042,11203,9324,24046,18219,18141,12529,11944,2028,-1535,-4099,-1326,-2620,-7552,radiant,25722.0,23966.0,16734.0,17895.0,14125.0,18381.0,11277.0,12617.0,9345.0,11663.0
23,16487,19616,16457,10866,14340,22612,21808,15951,13929,13076,-6125,-2192,506,-3063,1264,-9610,dire,16494.0,22255.0,19756.0,22309.0,16248.0,15678.0,10999.0,13831.0,14326.0,12917.0
24,19808,18759,17323,14085,9442,23954,22740,18031,14335,14283,-4146,-3981,-708,-250,-4841,-13926,dire,19461.0,24009.0,18678.0,22508.0,17340.0,17762.0,14220.0,14038.0,9377.0,14053.0
25,21851,17749,13216,10610,12901,24889,25362,17410,11137,8322,-3038,-7613,-4194,-527,4579,-10793,radiant,22194.0,24782.0,17850.0,25457.0,13319.0,17123.0,10842.0,11409.0,12694.0,8483.0
26,17564,15658,16941,7504,6858,23383,19802,19676,11439,8101,-5819,-4144,-2735,-3935,-1243,-17876,dire,17464.0,23306.0,15985.0,19879.0,16727.0,19704.0,7673.0,11337.0,7091.0,8098.0
27,25377,15874,14222,8773,8051,23146,21740,21322,12693,11395,2231,-5866,-7100,-3920,-3344,-17999,dire,24897.0,22976.0,15992.0,21580.0,14539.0,21066.0,8775.0,12371.0,8142.0,11280.0
28,21385,18222,16495,10097,6841,27524,21130,17937,14208,12789,-6139,-2908,-1442,-4111,-5948,-20548,dire,20994.0,28148.0,17880.0,21395.0,16390.0,18192.0,10245.0,14449.0,6834.0,12962.0
29,20170,16802,10112,7980,6600,19280,18837,14091,11472,9295,890,-2035,-3979,-3492,-2695,-11311,dire,20745.0,18635.0,17257.0,18788.0,10346.0,13922.0,8137.0,11324.0,6812.0,9254.0
30,26479,16564,15452,10696,9134,17059,18428,17869,10356,9703,9420,-1864,-2417,340,-569,4910,radiant,26699.0,17089.0,16372.0,18282.0,15253.0,17340.0,10779.0,10256.0,9229.0,9872.0
31,22587,19883,19106,10212,9584,27209,20130,15577,11609,11535,-4622,-247,3529,-1397,-1951,-4688,radiant,23031.0,27309.0,20353.0,20342.0,18982.0,15530.0,10268.0,11800.0,9776.0,11682.0
32,27676,21287,18380,10873,11021,21437,18704,16073,9988,7939,6239,2583,2307,885,3082,15096,radiant,26491.0,21846.0,20627.0,18906.0,17895.0,16434.0,10369.0,10186.0,10587.0,8148.0
33,18556,17846,16851,9983,9138,24017,22250,17913,17060,12851,-5461,-4404,-1062,-7077,-3713,-21717,dire,18236.0,23195.0,17527.0,22303.0,16830.0,18193.0,10203.0,17313.0,9267.0,13061.0
34,17966,17534,15173,14817,11143,24199,18290,18066,12079,11379,-6233,-756,-2893,2738,-236,-7380,dire,18397.0,23948.0,17846.0,18141.0,15488.0,18232.0,15121.0,11621.0,11070.0,11462.0
35,20043,19551,18524,12524,10581,22596,19497,16544,9670,8591,-2553,54,1980,2854,1990,4325,radiant,19575.0,22310.0,19746.0,19116.0,18489.0,16543.0,12600.0,9412.0,10473.0,8486.0
36,23284,20119,18757,10050,8316,26236,22242,18312,11423,11635,-2952,-2123,445,-1373,-3319,-9322,dire,23397.0,25787.0,19813.0,21877.0,18959.0,18042.0,10151.0,11627.0,8458.0,11665.0
37,25034,19074,15197,10854,8608,20794,14134,16872,13092,10168,4240,4940,-1675,-2238,-1560,3707,dire,24442.0,21346.0,18782.0,14070.0,14645.0,16820.0,10668.0,13563.0,8372.0,10318.0
38,18429,19384,14504,9457,7078,22367,18174,16270,14080,13965,-3938,1210,-1766,-4623,-6887,-16004,dire,18595.0,21737.0,19053.0,18052.0,14177.0,16288.0,9725.0,14020.0,7245.0,13914.0
39,18498,19351,15428,11730,10729,20542,20894,18800,11786,10867,-2044,-1543,-3372,-56,-138,-7153,dire,18767.0,20411.0,19324.0,20657.0,15862.0,19008.0,12045.0,12051.0,11048.0,10564.0
40,21354,18638,16683,8632,8510,22918,19202,18885,9744,8017,-1564,-564,-2202,-1112,493,-4949,radiant,21163.0,22466.0,18724.0,19211.0,16579.0,18961.0,8767.0,9955.0,8657.0,8155.0
41,31662,23019,17229,13858,12639,21673,18554,16138,10556,8653,9989,4465,1091,3302,3986,22833,radiant,31722.0,18788.0,23088.0,18115.0,17056.0,15526.0,13599.0,10512.0,12526.0,8535.0
42,17862,17873,16244,10518,6403,27914,19123,17665,11320,10088,-10052,-1250,-1421,-802,-3685,-17210,dire,18204.0,27087.0,18331.0,18599.0,16578.0,16964.0,10505.0,10869.0,6588.0,9802.0
43,26192,20869,19444,11546,10603,21085,19234,18648,10698,7793,5107,1635,796,848,2810,11196,radiant,26020.0,20338.0,20941.0,19058.0,19632.0,18591.0,11733.0,10934.0,10963.0,7969.0
44,21933,15429,15902,8619,7983,24806,15723,15295,10742,11020,-2873,-294,607,-2123,-3037,-7720,dire,21760.0,24812.0,15396.0,15381.0,15545.0,15076.0,8781.0,10670.0,8183.0,11148.0
45,18056,18064,17597,15637,9828,30431,22909,16129,12133,10058,-12375,-4845,1468,3504,-230,-12478,dire,18061.0,29250.0,18444.0,22737.0,17302.0,15976.0,15508.0,12048.0,9620.0,9992.0
46,22708,21373,17688,12837,8959,24606,20373,17894,16261,8858,-1898,1000,-206,-3424,101,-4427,dire,23347.0,23603.0,21542.0,20000.0,17576.0,17501.0,13198.0,15842.0,9184.0,8535.0
47,21852,18386,14331,10671,10672,21511,19774,15943,13530,8789,341,-1388,-1612,-2859,1883,-3635,dire,21324.0,20831.0,17930.0,19751.0,14325.0,15705.0,10634.0,13242.0,10558.0,8448.0
48,20693,19372,13451,10100,9152,21644,18344,17132,11631,10945,-951,1028,-3681,-1531,-1793,-6928,dire,20608.0,21585.0,18516.0,17371.0,13311.0,17677.0,9918.0,11293.0,9214.0,11088.0
49,26459,22921,24183,15984,13406,21223,20877,17874,9150,11681,5236,2044,6309,6834,1725,22148,radiant,26491.0,21413.0,22721.0,20725.0,24296.0,18152.0,16246.0,9240.0,13702.0,11850.0
50,28934,21409,19822,10567,10359,24692,16986,16234,9447,8178,4242,4423,3588,1120,2181,15554,radiant,28969.0,25035.0,21285.0,17072.0,19824.0,16203.0,10544.0,9637.0,10664.0,8396.0
51,26368,19432,15071,11676,8715,16872,14522,13473,11884,7779,9496,4910,1598,-208,936,16732,radiant,26197.0,17264.0,19550.0,14059.0,14824.0,13637.0,11660.0,12042.0,8639.0,7925.0
52,24504,17456,16012,12975,9826,26922,18330,16164,11988,11130,-2418,-874,-152,987,-1304,-3761,radiant,24333.0,26341.0,17807.0,18407.0,16169.0,16171.0,13076.0,11765.0,9645.0,10759.0
53,24063,16306,16501,13549,12064,20556,19362,14494,11096,9495,3507,-3056,2007,2453,2569,7480,radiant,23252.0,20275.0,15896.0,19140.0,15414.0,14126.0,12887.0,10699.0,11950.0,9618.0
54,24861,21365,12941,15084,9693,28254,20481,19546,9912,7971,-3393,884,-6605,5172,1722,-2220,dire,25015.0,27080.0,21885.0,20280.0,13250.0,18316.0,15420.0,9814.0,9971.0,8238.0
55,21152,15621,15539,10348,8762,30195,23364,15660,9799,9174,-9043,-7743,-121,549,-412,-16770,dire,21117.0,29962.0,15397.0,23161.0,15612.0,15705.0,10186.0,9958.0,8835.0,9346.0
56,19746,21535,15616,10687,9827,20192,19257,16599,8315,9016,-446,2278,-983,2372,811,4032,radiant,19095.0,20671.0,21898.0,19699.0,15517.0,16878.0,10661.0,8546.0,9679.0,9040.0
57,20084,16304,16176,9094,7907,20033,19417,17919,12568,10850,51,-3113,-1743,-3474,-2943,-11222,dire,19749.0,20393.0,15885.0,19625.0,16095.0,18158.0,8878.0,12728.0,7807.0,11056.0
58,18806,19952,18871,11234,11695,19366,15869,14993,12830,9248,-560,4083,3878,-1596,2447,8252,radiant,18934.0,19751.0,19761.0,15449.0,18493.0,15255.0,11140.0,13038.0,11900.0,9201.0
59,26081,19257,18169,10976,9308,18896,19614,16015,10991,11431,7185,-357,2154,-15,-2123,6844,radiant,26049.0,18494.0,18678.0,19959.0,18021.0,15971.0,10772.0,11246.0,9515.0,11628.0
60,16833,15645,14807,7716,6162,23266,20351,18191,14382,10263,-6433,-4706,-3384,-6666,-4101,-25290,dire,16392.0,22959.0,15444.0,20397.0,14797.0,17727.0,7605.0,13915.0,6206.0,10119.0
61,23248,16773,12719,8062,7642,25083,18402,16792,10643,8736,-1835,-1629,-4073,-2581,-1094,-11212,dire,22980.0,22189.0,17123.0,17325.0,12942.0,16025.0,8309.0,9862.0,7823.0,8379.0
62,20191,18605,16291,8560,10875,20586,19598,16870,16436,10891,-395,-993,-579,-7876,-16,-9859,radiant,20212.0,20438.0,18386.0,19248.0,16481.0,16248.0,8114.0,15996.0,10684.0,11016.0
63,27354,15889,15666,9154,9704,25275,17634,16587,11122,8100,2079,-1745,-921,-1968,1604,-951,radiant,27037.0,25124.0,15945.0,17093.0,15617.0,16607.0,9122.0,11204.0,9585.0,8045.0
64,33671,14708,15642,11178,9039,25093,24228,17565,11402,11646,8578,-9520,-1923,-224,-2607,-5696,dire,32876.0,24864.0,14819.0,23417.0,15847.0,17699.0,11379.0,11505.0,9204.0,11594.0
65,20931,21950,20158,9677,9650,19458,22076,17217,16774,11203,1473,-126,2941,-7097,-1553,-4362,radiant,19590.0,19533.0,21274.0,21974.0,20110.0,17419.0,9713.0,16590.0,9451.0,11435.0
66,27212,19254,19014,13381,12541,25292,18391,17319,10675,8532,1920,863,1695,2706,4009,11193,radiant,26627.0,24707.0,17986.0,18141.0,18577.0,17198.0,12677.0,10643.0,12098.0,8245.0
67,20763,17024,14991,10534,8448,23080,22686,19608,14463,8257,-2317,-5662,-4617,-3929,191,-16334,dire,17289.0,22871.0,17460.0,21795.0,15324.0,19026.0,10347.0,14184.0,7640.0,7868.0
68,18256,15210,12829,9692,10583,20892,19184,16268,10390,8204,-2636,-3974,-3439,-698,2379,-8368,dire,17646.0,20748.0,15119.0,19196.0,12636.0,16192.0,9456.0,10193.0,10551.0,8339.0
69,22125,21197,16320,10607,9077,23548,16474,14443,11848,10885,-1423,4723,1877,-1241,-1808,2128,radiant,21806.0,23124.0,20973.0,16354.0,16053.0,14488.0,10502.0,11766.0,9173.0,11131.0
70,23399,23487,19213,12059,11461,19744,17427,17505,11168,10719,3655,6060,1708,891,742,13056,radiant,22604.0,20180.0,22491.0,17827.0,18266.0,17951.0,11083.0,11463.0,10805.0,11115.0
71,21389,22399,20886,13939,10699,18975,19616,17512,9769,8899,2414,2783,3374,4170,1800,14541,radiant,21064.0,19099.0,21810.0,19380.0,20710.0,17341.0,13550.0,9825.0,10783.0,9017.0
72,22487,19004,15812,10728,8829,20603,18795,15048,12673,11268,1884,209,764,-1945,-2439,-1527,dire,22097.0,20497.0,18967.0,19300.0,15593.0,15172.0,10380.0,12825.0,8979.0,11102.0
73,20674,17834,16759,10148,8221,28928,18776,17811,11131,10876,-8254,-942,-1052,-983,-2655,-13886,dire,20544.0,28593.0,17234.0,18508.0,16643.0,17639.0,10334.0,11059.0,8372.0,10795.0
74,21533,15612,16401,11002,10704,24250,18464,19641,11540,13335,-2717,-2852,-3240,-538,-2631,-11978,dire,21150.0,24075.0,16111.0,18384.0,16372.0,19879.0,10811.0,11778.0,10668.0,13547.0
75,20894,16511,16287,10275,8357,22812,15089,17162,12954,8215,-1918,1422,-875,-2679,142,-3908,dire,21351.0,21995.0,16126.0,14520.0,16380.0,17290.0,10511.0,12836.0,8580.0,8073.0
76,25019,16470,16583,11900,13240,20701,16569,16773,11412,8045,4318,-99,-190,488,5195,9712,radiant,23490.0,20000.0,16231.0,16797.0,16050.0,17096.0,11376.0,10768.0,12509.0,8152.0
77,20908,19488,16765,13369,9183,23032,21863,20336,17954,13112,-2124,-2375,-3571,-4585,-3929,-16584,dire,21367.0,23207.0,19904.0,21400.0,17004.0,20073.0,13823.0,17873.0,9479.0,12730.0
78,22217,18045,15816,14528,13297,22188,16332,14588,11533,9347,29,1713,1228,2995,3950,9915,radiant,22339.0,21904.0,18002.0,16145.0,16003.0,14617.0,14581.0,11468.0,13008.0,9601.0
79,15447,13352,14294,10623,8124,24384,14751,15045,14905,10904,-8937,-1399,-751,-4282,-2780,-18149,dire,15087.0,24497.0,13581.0,14370.0,14123.0,14651.0,10855.0,14702.0,7878.0,10595.0
80,19250,17936,14922,9528,9882,21564,16841,14321,12484,9198,-2314,1095,601,-2956,684,-2890,radiant,18389.0,20917.0,18185.0,15700.0,14432.0,13636.0,9706.0,11658.0,9492.0,8072.0
81,23470,18608,16912,12642,11080,20911,16951,17333,15231,11345,2559,1657,-421,-2589,-265,941,dire,24024.0,18640.0,19114.0,15808.0,17343.0,16487.0,12922.0,14670.0,11342.0,11366.0
82,19422,17431,15552,9277,9639,30662,18748,19093,12583,10654,-11240,-1317,-3541,-3306,-1015,-20419,dire,19479.0,29353.0,17352.0,18625.0,15680.0,19183.0,9515.0,12342.0,9805.0,10375.0
83,25376,18101,16216,13773,12379,23735,20445,18510,11230,9378,1641,-2344,-2294,2543,3001,2547,radiant,24703.0,23694.0,17619.0,20544.0,15929.0,18466.0,13727.0,11304.0,12471.0,9377.0
84,21695,20301,16442,14122,10985,19654,17866,14982,11542,11450,2041,2435,1460,2580,-465,8051,radiant,21396.0,19090.0,20137.0,17508.0,16348.0,15107.0,14151.0,11601.0,10674.0,11698.0
85,27087,20077,20080,14238,13087,15384,17428,15639,8636,8975,11703,2649,4441,5602,4112,28507,radiant,27354.0,15017.0,19793.0,17330.0,20367.0,15893.0,14338.0,8814.0,13102.0,9158.0
86,23391,16227,13495,9768,9165,21094,19960,17646,12212,9260,2297,-3733,-4151,-2444,-95,-8126,dire,23292.0,21044.0,16717.0,19624.0,13366.0,17595.0,9809.0,12312.0,9324.0,9162.0
87,26301,18913,16277,8932,7640,24537,22858,18373,13626,8822,1764,-3945,-2096,-4694,-1182,-10153,dire,25394.0,23253.0,19356.0,22006.0,16603.0,17620.0,8989.0,13067.0,7881.0,8644.0
88,18690,18048,17073,11817,10982,22731,20563,18193,17399,12234,-4041,-2515,-1120,-5582,-1252,-14510,dire,19127.0,21787.0,18030.0,20090.0,16013.0,17503.0,11726.0,17590.0,10807.0,12111.0
89,21585,18951,16505,13875,11646,26656,20835,15073,14996,12079,-5071,-1884,1432,-1121,-433,-7077,dire,20820.0,26382.0,18733.0,20688.0,16082.0,14825.0,13502.0,15090.0,11588.0,11590.0
90,21791,21532,20480,9875,11193,27710,19106,19534,13582,9563,-5919,2426,946,-3707,1630,-4624,radiant,22378.0,27474.0,21267.0,18875.0,20716.0,19224.0,10161.0,13204.0,11459.0,9363.0
91,18773,17722,12360,11375,9015,21744,21734,19732,10183,10036,-2971,-4012,-7372,1192,-1021,-14184,dire,18212.0,20931.0,17286.0,21543.0,12348.0,19525.0,11782.0,10110.0,8732.0,9841.0
92,21297,20726,20059,13072,9900,22013,15632,14374,12490,7171,-716,5094,5685,582,2729,13374,radiant,21684.0,21768.0,20257.0,15653.0,19995.0,14334.0,13018.0,12575.0,9840.0,7255.0
93,23733,19556,14396,10526,10230,22430,22267,17171,13098,12003,1303,-2711,-2775,-2572,-1773,-8528,dire,22361.0,22275.0,19511.0,22583.0,13929.0,16927.0,10021.0,13056.0,9994.0,12061.0
94,23045,17234,14718,10996,7851,26531,17748,17769,12852,12661,-3486,-514,-3051,-1856,-4810,-13717,dire,22760.0,26478.0,17394.0,17839.0,14729.0,17676.0,10899.0,13165.0,7723.0,12997.0
95,26474,22920,20368,11224,8428,26167,18564,15151,12318,10000,307,4356,5217,-1094,-1572,7214,radiant,25224.0,26108.0,21896.0,18698.0,19943.0,15034.0,11251.0,12043.0,7965.0,9857.0
96,18513,17759,14990,10231,8765,25402,25011,20055,14863,11844,-6889,-7252,-5065,-4632,-3079,-26917,dire,18298.0,24843.0,17678.0,23463.0,14908.0,19275.0,10199.0,14172.0,8985.0,11936.0
97,22718,17646,18017,14363,11183,23208,23293,16422,12823,11826,-490,-5647,1595,1540,-643,-3645,dire,22460.0,22914.0,17602.0,22877.0,18244.0,15832.0,14518.0,12542.0,11208.0,11788.0
98,31501,22903,16474,11871,11436,21844,19331,18068,8210,8344,9657,3572,-1594,3661,3092,18388,radiant,30605.0,22050.0,21966.0,19632.0,15341.0,18255.0,11433.0,8415.0,10916.0,8564.0
99,24232,15695,14642,8773,7685,20604,18517,16218,9948,10050,3628,-2822,-1576,-1175,-2365,-4310,dire,24352.0,20595.0,15264.0,18625.0,14761.0,16029.0,8665.0,9976.0,7595.0,10008.0
100,25516,19535,13696,11653,11678,25502,16832,13585,11851,9870,14,2703,111,-198,1808,4438,radiant,25364.0,25475.0,19737.0,17037.0,13823.0,13547.0,11839.0,11982.0,11879.0,10047.0
101,32503,19958,17777,16214,13925,16990,16191,16167,13286,12634,15513,3767,1610,2928,1291,25109,radiant,32446.0,17313.0,20228.0,15221.0,17649.0,15313.0,15794.0,13525.0,13687.0,11476.0
102,26982,22139,19306,12038,10208,18449,14698,12493,8991,8268,8533,7441,6813,3047,1940,27774,radiant,25985.0,18621.0,21731.0,15000.0,19081.0,12716.0,11830.0,9118.0,9972.0,8327.0
103,23784,19345,17756,12120,11537,21604,24132,17921,11250,10258,2180,-4787,-165,870,1279,-623,dire,23831.0,21156.0,19146.0,23944.0,17980.0,17615.0,11765.0,11482.0,11808.0,10227.0
104,19165,20727,16809,11704,9684,17920,18309,17600,10461,11432,1245,2418,-791,1243,-1748,2367,dire,19328.0,17975.0,19903.0,18651.0,16870.0,17354.0,11846.0,9683.0,9892.0,11518.0
105,23382,19698,14918,9614,9551,24285,18221,17609,12130,10035,-903,1477,-2691,-2516,-484,-5117,dire,21245.0,23864.0,19037.0,17970.0,14249.0,17472.0,8516.0,11930.0,8933.0,10274.0
106,18474,18272,17589,15874,14921,25033,22940,23776,10696,10212,-6559,-4668,-6187,5178,4709,-7527,dire,18747.0,25005.0,18371.0,22707.0,17701.0,23747.0,15291.0,10964.0,14677.0,10449.0
107,24151,16580,19261,11492,11338,17584,17678,14089,13839,11523,6567,-1098,5172,-2347,-185,8109,dire,24019.0,16933.0,16000.0,17494.0,18294.0,13198.0,11234.0,14058.0,10906.0,11337.0
108,25142,19534,17641,10451,10729,28258,16620,16528,14197,10777,-3116,2914,1113,-3746,-48,-2883,dire,24968.0,28105.0,18575.0,16696.0,17234.0,16748.0,10352.0,14586.0,10472.0,10815.0
109,17534,15343,10690,8493,7746,22634,20547,19215,14546,13362,-5100,-5204,-8525,-6053,-5616,-30498,dire,17961.0,22429.0,15619.0,20135.0,10926.0,18958.0,8642.0,14544.0,7932.0,13298.0
110,26762,18207,16854,11985,12225,18941,16759,15080,14536,9232,7821,1448,1774,-2551,2993,11485,radiant,26772.0,18455.0,18611.0,16772.0,16658.0,15316.0,12368.0,14540.0,12549.0,9527.0
111,18402,14050,15204,10958,8970,22954,22390,14343,13931,12081,-4552,-8340,861,-2973,-3111,-18115,dire,17871.0,23272.0,13793.0,22804.0,14942.0,14275.0,10990.0,14082.0,9119.0,11917.0
112,28578,17626,17996,12074,9416,21335,15287,12598,10171,9679,7243,2339,5398,1903,-263,16620,radiant,28342.0,21072.0,17603.0,15320.0,18220.0,12850.0,12205.0,10433.0,9561.0,9775.0
113,22804,18966,18368,15967,15003,22024,21152,14724,10511,8466,780,-2186,3644,5456,6537,14231,radiant,22126.0,22214.0,19211.0,21010.0,18190.0,14777.0,16027.0,10786.0,15062.0,8662.0
114,28161,23199,21607,16192,10474,19525,18695,13693,12129,11269,8636,4504,7914,4063,-795,24322,radiant,27645.0,19901.0,22603.0,18929.0,20758.0,13872.0,16099.0,12075.0,10194.0,11085.0
115,18900,20124,17846,11108,9167,25105,14516,12672,8810,7743,-6205,5608,5174,2298,1424,8299,radiant,18714.0,24218.0,20619.0,14329.0,18187.0,12382.0,11247.0,8691.0,9328.0,7619.0
116,23636,23141,21365,10882,9293,22406,16573,16397,9237,8111,1230,6568,4968,1645,1182,15593,radiant,23596.0,22657.0,22414.0,17146.0,20861.0,16717.0,10833.0,9483.0,8786.0,8388.0
117,24783,17548,17184,8758,8337,20351,17991,17686,13222,8802,4432,-443,-502,-4464,-465,-1442,dire,24924.0,19450.0,17607.0,17236.0,17229.0,17358.0,8879.0,12321.0,8464.0,8280.0
118,28422,19042,17595,11443,10980,23243,17586,14863,9285,7853,5179,1456,2732,2158,3127,14652,radiant,27714.0,23167.0,18817.0,17717.0,17430.0,14554.0,11429.0,9519.0,11008.0,7988.0
119,21718,21281,19620,13931,11982,23261,16764,15475,10837,9592,-1543,4517,4145,3094,2390,12603,radiant,21988.0,22648.0,21470.0,16963.0,20134.0,15149.0,14200.0,10782.0,12319.0,9649.0
120,25511,21373,18224,13732,9781,25960,20195,18218,12747,10915,-449,1178,6,985,-1134,586,radiant,24808.0,26434.0,21455.0,20061.0,18504.0,18084.0,13935.0,12874.0,9827.0,11013.0
121,26464,18209,15546,14385,13917,25749,20869,16982,10282,9704,715,-2660,-1436,4103,4213,4935,radiant,25364.0,26320.0,17348.0,21293.0,14517.0,17255.0,12918.0,10502.0,13181.0,9773.0
122,24335,21114,20516,11159,10698,24291,16531,15288,9679,9495,44,4583,5228,1480,1203,12538,radiant,23858.0,24260.0,21111.0,16671.0,20430.0,14714.0,10766.0,9815.0,10444.0,9494.0
123,19713,15219,14109,11290,8451,24822,22154,20303,14333,14305,-5109,-6935,-6194,-3043,-5854,-27135,dire,19246.0,23338.0,15207.0,21724.0,14123.0,20132.0,10946.0,13943.0,8596.0,14022.0
124,24479,17085,17239,12307,9350,15092,14819,9296,6781,6212,9387,2266,7943,5526,3138,28260,radiant,24463.0,15148.0,17204.0,14581.0,17196.0,9321.0,12338.0,6901.0,9567.0,6245.0
125,21509,20194,14049,11080,7145,23757,20801,14761,16356,11076,-2248,-607,-712,-5276,-3931,-12774,dire,22162.0,24075.0,19265.0,21047.0,14334.0,14645.0,11347.0,15894.0,7304.0,11210.0
126,17736,18797,18004,11620,8206,17508,17691,13785,9623,7577,228,1106,4219,1997,629,8179,radiant,17640.0,17534.0,18708.0,17636.0,18154.0,13757.0,11829.0,9700.0,8159.0,7449.0
127,22102,21584,17308,11425,9369,24216,19762,14873,13125,9799,-2114,1822,2435,-1700,-430,13,radiant,21651.0,24221.0,21268.0,19295.0,17442.0,14691.0,11431.0,12102.0,9610.0,9804.0
128,24108,20734,19472,12786,10708,18617,17425,11799,11605,8394,5491,3309,7673,1181,2314,19968,radiant,22783.0,19032.0,20734.0,17153.0,19182.0,12066.0,12508.0,11802.0,10368.0,8582.0
129,26928,21872,18552,15031,14866,19902,18412,14199,13824,11434,7026,3460,4353,1207,3432,19478,radiant,25583.0,20388.0,21410.0,18484.0,18534.0,14221.0,14312.0,14150.0,15013.0,11808.0
130,26498,19369,15616,13313,9217,29541,17918,15185,10859,10243,-3043,1451,431,2454,-1026,267,radiant,26234.0,29321.0,19877.0,18304.0,14994.0,15356.0,13387.0,11077.0,9073.0,10441.0
131,33538,19944,18548,8231,6027,28371,20403,18190,13306,8602,5167,-459,358,-5075,-2575,-2584,radiant,32822.0,29146.0,19390.0,20913.0,17975.0,18638.0,8112.0,13238.0,6057.0,8871.0
132,21485,20701,17641,10171,8558,19974,17757,17336,12485,11238,1511,2944,305,-2314,-2680,-234,radiant,21103.0,20294.0,20019.0,17949.0,17509.0,17455.0,10430.0,12617.0,8763.0,11206.0
133,28273,21584,15285,13565,10722,27702,22218,20126,14006,10860,571,-634,-4841,-441,-138,-5483,dire,28158.0,26979.0,21837.0,22313.0,15132.0,20103.0,13362.0,14027.0,10803.0,10950.0
134,26338,21583,17989,15134,14540,24548,22246,19477,11047,9760,1790,-663,-1488,4087,4780,8506,radiant,25459.0,23552.0,21277.0,22131.0,16685.0,19102.0,15629.0,11271.0,14511.0,9644.0
135,20891,19622,15908,9981,9599,23978,17956,14366,11033,10601,-3087,1666,1542,-1052,-1002,-1933,radiant,20412.0,24059.0,19660.0,17635.0,16076.0,14105.0,10264.0,10903.0,9498.0,10569.0
136,18806,18823,19786,9120,9915,21726,15506,16641,8409,8278,-2920,3317,3145,711,1637,5890,radiant,18158.0,22318.0,18661.0,15939.0,19265.0,16646.0,9029.0,8617.0,9973.0,8432.0
137,21310,17687,17007,11433,10861,20283,18647,15635,11299,8119,1027,-960,1372,134,2742,4315,radiant,20778.0,20456.0,17289.0,18552.0,16417.0,15497.0,11179.0,11130.0,10647.0,8179.0
138,22285,19244,15294,12543,9835,22379,21451,16870,11176,10895,-94,-2207,-1576,1367,-1060,-3570,dire,22071.0,22012.0,19125.0,21481.0,15055.0,17151.0,12909.0,11357.0,9917.0,11113.0
139,17092,16991,16123,10265,8762,19169,17343,15668,11365,8214,-2077,-352,455,-1100,548,-2526,dire,17545.0,19153.0,17246.0,17259.0,16399.0,15739.0,10519.0,11475.0,8951.0,8266.0
140,20443,19080,21423,12081,11084,20531,20104,12525,13718,8852,-88,-1024,8898,-1637,2232,8381,dire,19808.0,19924.0,18831.0,19360.0,21808.0,12359.0,12007.0,13267.0,11267.0,8727.0
141,24577,19779,19239,12251,9937,17464,17751,17432,11430,8510,7113,2028,1807,821,1427,13196,radiant,24066.0,17836.0,19196.0,18005.0,18643.0,17401.0,12068.0,11664.0,9632.0,8624.0
142,22690,22662,20022,13592,12839,22038,15887,14175,10552,10056,652,6775,5847,3040,2783,19097,radiant,20918.0,22033.0,21688.0,16199.0,18666.0,14472.0,12596.0,10772.0,11772.0,10338.0
143,27312,20210,17507,11709,12076,26042,16398,15708,10431,8261,1270,3812,1799,1278,3815,11974,radiant,26806.0,25884.0,20255.0,16325.0,17146.0,16029.0,11715.0,10420.0,12294.0,8229.0
144,26705,19041,16787,10943,10013,28109,21784,17911,11506,11060,-1404,-2743,-1124,-563,-1047,-6881,radiant,27194.0,28797.0,18994.0,22242.0,16364.0,18148.0,10824.0,11531.0,9543.0,11247.0
145,18919,17765,18694,11473,9839,18996,18841,17224,11095,9299,-77,-1076,1470,378,540,1235,radiant,19210.0,18343.0,18146.0,18243.0,18378.0,17264.0,11410.0,11015.0,9760.0,9317.0
146,24687,17888,16797,14942,9170,18412,16549,12672,10551,8696,6275,1339,4125,4391,474,16604,radiant,24984.0,18973.0,18305.0,16418.0,16937.0,13009.0,15182.0,10752.0,9434.0,8954.0
147,22128,21951,20540,8257,6496,24983,20520,19330,13959,7505,-2855,1431,1210,-5702,-1009,-6925,dire,21088.0,23692.0,21303.0,20573.0,20193.0,18503.0,7646.0,13283.0,6427.0,7275.0
148,21108,20790,18118,11414,9273,22095,20696,19946,14287,13964,-987,94,-1828,-2873,-4691,-10285,dire,20907.0,21695.0,21067.0,19725.0,18527.0,18628.0,11407.0,14077.0,9206.0,13772.0
149,24322,20500,16135,12652,12393,19211,18881,16755,10641,8775,5111,1619,-620,2011,3618,11739,radiant,23676.0,19460.0,19236.0,18548.0,15785.0,16301.0,11636.0,10903.0,12207.0,8822.0
150,22960,20729,17718,15035,11924,23337,21875,20261,11933,10289,-377,-1146,-2543,3102,1635,671,dire,22718.0,23120.0,21124.0,22186.0,17932.0,19376.0,14842.0,11817.0,12148.0,10112.0
151,21025,18373,15480,11236,11772,26967,24751,18598,14018,11920,-5942,-6378,-3118,-2782,-148,-18368,dire,21003.0,26933.0,17459.0,23906.0,15861.0,18827.0,11152.0,14201.0,11815.0,11932.0
152,21700,19895,14428,10666,8730,24755,24913,18028,12103,11068,-3055,-5018,-3600,-1437,-2338,-15448,dire,22198.0,24597.0,20390.0,24445.0,14729.0,17788.0,10752.0,12115.0,8925.0,11012.0
153,23420,21249,16242,9454,9165,23664,17573,13833,9816,9319,-244,3676,2409,-362,-154,5325,dire,22740.0,23526.0,20879.0,17491.0,15822.0,13643.0,9074.0,9983.0,9120.0,9526.0
154,25741,21693,19616,12409,12109,25469,16495,15625,12037,11151,272,5198,3991,372,958,10791,radiant,25288.0,25298.0,21384.0,15960.0,19716.0,14624.0,12398.0,11241.0,11572.0,10863.0
155,22369,17071,15572,14073,12753,20184,20040,16800,13227,13612,2185,-2969,-1228,846,-859,-2025,radiant,22240.0,19700.0,16868.0,19567.0,15193.0,16215.0,14074.0,13098.0,12620.0,13216.0
156,25213,23762,20998,15454,11953,24768,25915,16627,15372,11903,445,-2153,4371,82,50,2795,radiant,25336.0,24803.0,23323.0,25607.0,21213.0,16580.0,15392.0,15364.0,12120.0,12195.0
157,26619,24143,16802,12821,11946,19750,18744,12255,12279,9489,6869,5399,4547,542,2457,19814,radiant,26649.0,20015.0,23715.0,18099.0,16894.0,12356.0,12694.0,12415.0,12223.0,9395.0
158,26237,19763,17821,12743,12309,23230,18821,18348,12065,12665,3007,942,-527,678,-356,3744,dire,26092.0,22892.0,19486.0,18785.0,17826.0,18389.0,12843.0,11990.0,12301.0,12693.0
159,29205,21300,15510,11595,9371,19636,18932,13418,9999,7320,9569,2368,2092,1596,2051,17676,radiant,27495.0,20185.0,20483.0,19396.0,15194.0,13641.0,10907.0,10087.0,8719.0,7520.0
160,22388,20414,18550,13369,9384,25034,16155,14834,12081,11178,-2646,4259,3716,1288,-1794,4823,dire,22216.0,25237.0,20253.0,15478.0,18846.0,15081.0,13462.0,12222.0,9466.0,11074.0
161,26430,22067,20638,14285,13712,19621,17847,16754,14832,10216,6809,4220,3884,-547,3496,17862,radiant,24807.0,19729.0,21735.0,17859.0,20558.0,16822.0,14115.0,14702.0,13284.0,10364.0
162,25160,16124,17088,13206,9592,26861,23858,16015,14269,11079,-1701,-7734,1073,-1063,-1487,-10912,dire,24883.0,26187.0,16119.0,24184.0,16641.0,15229.0,13343.0,13977.0,9821.0,10828.0
163,19232,18351,10622,9058,7487,27202,16766,15597,11980,9747,-7970,1585,-4975,-2922,-2260,-16542,dire,19653.0,26054.0,18326.0,16496.0,10840.0,15186.0,8940.0,11111.0,7628.0,9411.0
164,19720,19675,17272,15596,11855,28862,18601,17709,17315,13566,-9142,1074,-437,-1719,-1711,-11935,dire,20320.0,27080.0,20231.0,16492.0,17734.0,15564.0,15626.0,16552.0,12239.0,13429.0
165,21455,19080,16172,9471,9210,27127,21580,19275,12230,10232,-5672,-2500,-3103,-2759,-1022,-15056,dire,21371.0,26435.0,18783.0,21665.0,16488.0,18770.0,9498.0,12232.0,9214.0,9828.0
166,22020,16056,17100,9853,7868,23034,20247,13193,17275,13906,-1014,-4191,3907,-7422,-6038,-14758,dire,21519.0,22645.0,16268.0,20242.0,16828.0,13037.0,9642.0,17071.0,7964.0,13496.0
167,25201,20585,15169,12819,11282,21715,18856,18330,10349,9970,3486,1729,-3161,2470,1312,5836,radiant,25356.0,21423.0,19999.0,18929.0,14998.0,18432.0,12170.0,10447.0,11406.0,9798.0
168,26008,21947,18459,12228,8865,19963,19515,20307,11151,11699,6045,2432,-1848,1077,-2834,4872,radiant,26447.0,19552.0,22309.0,19353.0,18532.0,20726.0,11759.0,10535.0,8840.0,11571.0
169,24115,22075,17367,13217,13005,25662,15271,14287,13184,9788,-1547,6804,3080,33,3217,11587,radiant,24125.0,24704.0,21862.0,15019.0,16989.0,14402.0,13194.0,13202.0,12907.0,9720.0
170,29266,16617,15928,10352,10051,23653,20896,18561,11688,10985,5613,-4279,-2633,-1336,-934,-3569,dire,28514.0,23381.0,16514.0,20831.0,16137.0,18534.0,10551.0,11894.0,10240.0,11205.0
171,22994,19397,18659,8610,6737,24859,21760,18080,13755,12356,-1865,-2363,579,-5145,-5619,-14413,dire,22472.0,24450.0,19658.0,21669.0,17944.0,18044.0,8828.0,14086.0,6880.0,12307.0
172,29349,19472,14197,15433,15182,18972,16875,17037,13177,9791,10377,2597,-2840,2256,5391,17781,radiant,28607.0,19179.0,19375.0,17209.0,13689.0,17066.0,15354.0,13526.0,13990.0,9954.0
173,20406,19848,16141,12928,10636,27750,22762,21208,12915,11406,-7344,-2914,-5067,13,-770,-16082,dire,20530.0,27716.0,19004.0,22108.0,16343.0,20949.0,13073.0,12629.0,10774.0,11407.0
174,21502,16282,17423,10762,8801,26638,19513,16441,10595,9287,-5136,-3231,982,167,-486,-7704,dire,21977.0,26316.0,16612.0,18667.0,17565.0,15710.0,10685.0,10302.0,9036.0,9016.0
175,26873,22654,18821,12948,10245,24338,17852,16740,11766,10737,2535,4802,2081,1182,-492,10108,radiant,26803.0,24350.0,22665.0,17469.0,18891.0,17080.0,12790.0,11731.0,10322.0,10935.0
176,19259,19947,14630,13754,13789,25003,18890,18912,17361,11507,-5744,1057,-4282,-3607,2282,-10294,dire,19753.0,24278.0,19588.0,18174.0,13421.0,18173.0,13370.0,16327.0,13316.0,10949.0
177,19618,19015,18806,11264,9762,26683,19549,15364,14883,13704,-7065,-534,3442,-3619,-3942,-11718,radiant,17454.0,27341.0,17493.0,19747.0,17871.0,15595.0,10400.0,15374.0,9229.0,14046.0
178,22708,20073,19461,13095,10709,28920,23246,18482,11494,10291,-6212,-3173,979,1601,418,-6387,dire,22797.0,28498.0,20090.0,23869.0,18754.0,18346.0,13169.0,11728.0,10810.0,10340.0
179,19299,14944,14155,14033,9718,23021,18444,18943,12683,14084,-3722,-3500,-4788,1350,-4366,-15026,dire,19085.0,22874.0,15413.0,18364.0,14580.0,19119.0,14192.0,12990.0,9923.0,14465.0
180,18463,17295,16634,13065,8510,23037,16075,15081,11055,9180,-4574,1220,1553,2010,-670,-461,dire,18169.0,22869.0,17013.0,16074.0,16769.0,15083.0,12985.0,11094.0,8644.0,9234.0
181,27597,20762,19863,14617,10565,21349,16461,17482,11062,9063,6248,4301,2381,3555,1502,17987,radiant,27065.0,21499.0,20657.0,16657.0,19689.0,17466.0,14551.0,11443.0,10286.0,9237.0
182,21992,20673,16603,10801,8605,18949,17957,18328,10344,11200,3043,2716,-1725,457,-2595,1896,radiant,22073.0,18187.0,20788.0,16387.0,16298.0,17683.0,10805.0,9344.0,8348.0,10469.0
183,26676,24379,19100,14159,13524,20221,17452,14413,13103,9310,6455,6927,4687,1056,4214,23339,radiant,26092.0,19820.0,23460.0,17802.0,18282.0,14485.0,13202.0,13258.0,12789.0,9127.0
184,25237,20449,17470,13911,10763,19887,18484,14672,10667,9808,5350,1965,2798,3244,955,14312,radiant,25131.0,19969.0,19874.0,18374.0,16729.0,14065.0,13380.0,10925.0,10528.0,10040.0
185,21563,17244,13190,12788,9607,23864,23271,21431,14830,12300,-2301,-6027,-8241,-2042,-2693,-21304,dire,20972.0,23901.0,17361.0,23076.0,13041.0,21482.0,12571.0,14775.0,9864.0,12103.0
186,20027,19152,16931,10180,9872,21905,16651,14346,11590,11155,-1878,2501,2585,-1410,-1283,515,radiant,20339.0,21102.0,19373.0,16533.0,16439.0,14258.0,10124.0,11522.0,10085.0,10955.0
187,17901,18600,13296,9557,7737,19992,17627,19283,19049,9711,-2091,973,-5987,-9492,-1974,-18571,dire,17831.0,20119.0,17256.0,18082.0,13098.0,19113.0,9383.0,19039.0,7720.0,9659.0
188,17723,18855,16107,10261,6820,22483,21709,16050,14248,11635,-4760,-2854,57,-3987,-4815,-16359,dire,17589.0,22361.0,19073.0,22269.0,16080.0,15561.0,10423.0,14612.0,7049.0,11977.0
189,19186,18057,15131,13584,8170,23655,18599,18339,13197,12717,-4469,-542,-3208,387,-4547,-12379,dire,18824.0,24153.0,18063.0,18836.0,14230.0,18329.0,13435.0,13211.0,8157.0,12485.0
190,29093,18161,16818,11912,12605,25956,22550,19738,10328,9288,3137,-4389,-2920,1584,3317,729,dire,28291.0,26421.0,18061.0,22288.0,16623.0,19387.0,11908.0,10551.0,12693.0,9486.0
191,26151,17866,17079,9810,8991,25724,21574,17558,11044,8078,427,-3708,-479,-1234,913,-4081,dire,25319.0,26384.0,17456.0,21870.0,16356.0,17750.0,9366.0,10993.0,8539.0,8267.0
192,26622,18334,14776,8708,9938,23501,18247,20028,9682,9451,3121,87,-5252,-974,487,-2531,radiant,26325.0,23599.0,18103.0,17908.0,14772.0,19856.0,8731.0,9835.0,10081.0,9681.0
193,20429,19320,16380,11043,7957,18274,18387,18670,12201,8807,2155,933,-2290,-1158,-850,-1210,dire,19933.0,18045.0,18481.0,17762.0,16406.0,17919.0,10802.0,12151.0,7912.0,8692.0
194,24224,18943,15458,11138,9498,25488,20578,14366,12751,12281,-1264,-1635,1092,-1613,-2783,-6203,dire,24454.0,25826.0,19027.0,20292.0,15565.0,14555.0,11037.0,12885.0,9693.0,12398.0
195,20477,17680,17222,11715,10867,19225,15343,13898,10067,7428,1252,2337,3324,1648,3439,12000,radiant,19946.0,19195.0,17234.0,15528.0,16934.0,13876.0,11443.0,10279.0,10703.0,7546.0
196,18624,19747,15924,11954,7803,25526,20183,18718,10739,8269,-6902,-436,-2794,1215,-466,-9383,dire,18431.0,24413.0,19797.0,19800.0,15980.0,18432.0,11830.0,10463.0,7950.0,7870.0
197,19804,20101,16407,11124,10945,27140,19877,16981,13142,9755,-7336,224,-574,-2018,1190,-8514,dire,19852.0,26324.0,20252.0,19723.0,16461.0,16758.0,11100.0,12916.0,11201.0,9771.0
198,24467,19171,15667,11445,8077,20570,15905,14541,7502,7796,3897,3266,1126,3943,281,12513,radiant,23138.0,20157.0,19016.0,15277.0,15558.0,14316.0,11255.0,7375.0,7869.0,7928.0
199,23508,22063,15006,14482,11884,28694,21445,16838,14402,11120,-5186,618,-1832,80,764,-5556,radiant,22817.0,28926.0,20871.0,21831.0,15353.0,16967.0,14566.0,14497.0,11513.0,11295.0
200,19020,18077,16909,12093,9328,18552,15020,16776,12424,11940,468,3057,133,-331,-2612,715,radiant,19347.0,18887.0,18166.0,15249.0,17044.0,17256.0,12268.0,12328.0,9479.0,12187.0
201,24918,18357,14382,10538,9471,18238,17737,17064,14906,14680,6680,620,-2682,-4368,-5209,-4959,radiant,24824.0,18282.0,18193.0,17789.0,14304.0,17513.0,10503.0,15342.0,8975.0,14688.0
202,24188,21695,19437,13800,11411,21037,14005,13988,11111,10996,3151,7690,5449,2689,415,19394,radiant,23779.0,20329.0,21398.0,13836.0,19781.0,13437.0,13716.0,10868.0,11677.0,10558.0
203,23917,21042,17844,16772,10600,21418,16968,13400,7453,7283,2499,4074,4444,9319,3317,23653,radiant,23795.0,21481.0,20793.0,16291.0,17520.0,12969.0,16571.0,6948.0,9595.0,6983.0
204,29435,29168,20067,14303,12884,26228,15569,13886,9941,7295,3207,13599,6181,4362,5589,32938,radiant,29023.0,26284.0,28606.0,15638.0,20179.0,13982.0,14246.0,10083.0,12821.0,7457.0
205,31166,20541,21414,15568,11357,21809,19240,16322,10609,9183,9357,1301,5092,4959,2174,22883,radiant,30506.0,22204.0,20370.0,19543.0,21088.0,16519.0,14743.0,10790.0,11371.0,9475.0
206,25150,18525,20149,11151,8060,26193,23082,17341,10802,11585,-1043,-4557,2808,349,-3525,-5968,dire,24951.0,26454.0,18452.0,22186.0,20523.0,16900.0,11397.0,10689.0,8249.0,11223.0
207,19956,19087,18733,12218,10838,17722,17201,15215,10222,10255,2234,1886,3518,1996,583,10217,radiant,19863.0,17653.0,19296.0,17244.0,18754.0,15286.0,12566.0,10241.0,10947.0,10517.0
208,21435,19013,17853,12787,9384,23138,18579,16930,9476,11118,-1703,434,923,3311,-1734,1231,radiant,21062.0,23718.0,18537.0,18543.0,17616.0,17312.0,12562.0,9472.0,9027.0,11370.0
209,24338,15950,15420,9845,6882,24499,17500,17654,9745,10546,-161,-1550,-2234,100,-3664,-7509,dire,24773.0,25174.0,16346.0,17897.0,15691.0,17994.0,10083.0,9980.0,6577.0,10212.0
210,26099,19185,18607,12454,12072,20644,15937,12246,10204,7966,5455,3248,6361,2250,4106,21420,radiant,25107.0,20928.0,19085.0,16273.0,18112.0,12396.0,11999.0,10168.0,11875.0,8128.0
211,26131,16658,16081,9580,9381,31450,19285,17135,11141,9939,-5319,-2627,-1054,-1561,-558,-11119,dire,25882.0,31489.0,16454.0,18459.0,16284.0,17377.0,9799.0,11193.0,9575.0,10064.0
212,23865,15205,14688,9054,8709,23884,16224,15728,9924,8907,-19,-1019,-1040,-870,-198,-3146,dire,22990.0,24203.0,14677.0,15746.0,13789.0,15629.0,8251.0,10112.0,7797.0,8691.0
213,19152,14961,14730,13941,11692,31339,18545,17113,12786,10482,-12187,-3584,-2383,1155,1210,-15789,dire,19604.0,29307.0,15343.0,17170.0,15108.0,16420.0,13993.0,11302.0,11935.0,9638.0
214,21026,20328,13998,11230,9688,19742,16811,15602,9317,9169,1284,3517,-1604,1913,519,5629,dire,20207.0,20124.0,19430.0,16358.0,14062.0,15731.0,11102.0,9328.0,9366.0,8755.0
215,20795,18737,18272,11700,10780,20915,16697,13907,12858,10932,-120,2040,4365,-1158,-152,4975,dire,20390.0,19342.0,18833.0,16589.0,17962.0,13366.0,11771.0,11854.0,10515.0,10411.0
216,24284,20688,20868,9296,8709,24717,15604,13657,11509,7697,-433,5084,7211,-2213,1012,10661,radiant,24070.0,25331.0,20499.0,15586.0,20765.0,13236.0,9481.0,11149.0,8934.0,7836.0
217,29791,22304,21745,12762,9819,24823,21061,14615,8832,9118,4968,1243,7130,3930,701,17972,radiant,29610.0,24701.0,22589.0,20702.0,21816.0,14779.0,12861.0,8983.0,10057.0,9291.0
218,25263,24153,18811,12621,9998,20927,16768,15727,10486,7514,4336,7385,3084,2135,2484,19424,radiant,25040.0,21218.0,23405.0,16976.0,18346.0,16081.0,12202.0,10867.0,9391.0,7725.0
219,22136,20193,15631,14282,11902,27198,19763,14843,13716,13295,-5062,430,788,566,-1393,-4671,dire,22362.0,27115.0,20049.0,19893.0,16219.0,14840.0,14276.0,13571.0,12155.0,12947.0
220,28268,18281,16206,14186,9545,21051,18276,17431,10820,9477,7217,5,-1225,3366,68,9431,radiant,29094.0,21732.0,18609.0,17669.0,16742.0,16540.0,14465.0,10545.0,9699.0,9314.0
221,23686,16944,14628,15085,11205,20018,17669,15458,10417,8405,3668,-725,-830,4668,2800,9581,radiant,23375.0,19680.0,16537.0,17898.0,14342.0,15429.0,15258.0,10456.0,10946.0,8474.0
222,20904,20879,17549,8576,8221,24541,22930,19590,14769,11073,-3637,-2051,-2041,-6193,-2852,-16774,dire,20874.0,24126.0,20505.0,22961.0,17746.0,19405.0,8669.0,14949.0,8286.0,11088.0
223,19638,21669,14407,11690,8324,20762,20231,16849,9305,9105,-1124,1438,-2442,2385,-781,-524,radiant,19097.0,20567.0,20476.0,20107.0,13097.0,16453.0,11241.0,9396.0,7775.0,9064.0
224,25768,16080,17150,9768,9887,22340,19344,14480,15389,8577,3428,-3264,2670,-5621,1310,-1477,radiant,26176.0,22367.0,15759.0,19213.0,17026.0,14567.0,9685.0,15314.0,10006.0,8778.0
225,24001,23777,19330,12167,9416,18424,15428,13945,9427,7946,5577,8349,5385,2740,1470,23521,radiant,23179.0,18481.0,22440.0,15630.0,18518.0,14085.0,10588.0,9716.0,8510.0,7707.0
226,20482,16908,18114,10219,9704,22178,18799,16532,14948,12041,-1696,-1891,1582,-4729,-2337,-9071,radiant,20584.0,22183.0,17205.0,18685.0,18413.0,16712.0,10323.0,14959.0,9911.0,12235.0
227,21938,18222,19233,9928,9382,20222,17306,13347,9559,8770,1716,916,5886,369,612,9499,radiant,21644.0,20365.0,18128.0,17584.0,18853.0,12998.0,9692.0,9764.0,8891.0,9022.0
228,22155,20366,20432,11388,10411,25689,20017,14241,8711,8598,-3534,349,6191,2677,1813,7496,radiant,22508.0,26193.0,19923.0,19490.0,19997.0,14038.0,11228.0,8643.0,10204.0,8672.0
229,20967,19646,16713,15701,10256,18556,17889,16215,11873,8400,2411,1757,498,3828,1856,10350,radiant,21252.0,18448.0,19784.0,17917.0,16580.0,15900.0,15879.0,11500.0,10337.0,8541.0
230,22173,23238,20143,11876,11260,20986,17203,16619,12237,11392,1187,6035,3524,-361,-132,10253,radiant,21470.0,19981.0,23777.0,16681.0,19700.0,15221.0,11962.0,12178.0,11324.0,10528.0
231,20672,18603,20649,11682,11622,19103,19449,13710,10684,8269,1569,-846,6939,998,3353,12013,dire,19679.0,19328.0,18314.0,19032.0,21143.0,13529.0,11226.0,10876.0,11021.0,7897.0
232,20245,19880,13201,11329,8487,32200,22996,16970,14248,12079,-11955,-3116,-3769,-2919,-3592,-25351,dire,20409.0,31230.0,20093.0,22082.0,13359.0,16293.0,11475.0,13676.0,8767.0,11298.0
233,20549,20395,18884,11809,9757,21032,22159,13959,11379,9367,-483,-1764,4925,430,390,3498,radiant,20380.0,20838.0,20227.0,22253.0,18320.0,13665.0,11949.0,11539.0,9944.0,9613.0
234,21917,17687,13421,11281,8522,20470,22589,21934,10938,11374,1447,-4902,-8513,343,-2852,-14477,dire,21317.0,20541.0,18011.0,22932.0,13065.0,20970.0,10376.0,10701.0,8196.0,11245.0
235,19650,18870,16479,13086,10930,21569,21246,18792,11981,8705,-1919,-2376,-2313,1105,2225,-3278,radiant,19539.0,20326.0,18236.0,21203.0,16499.0,18419.0,13227.0,12155.0,10855.0,8427.0
236,18178,17081,14887,9736,7366,26585,23905,22354,12522,10725,-8407,-6824,-7467,-2786,-3359,-28843,dire,17600.0,26030.0,16398.0,23631.0,14444.0,22155.0,9776.0,12504.0,7315.0,10744.0
237,23012,22211,15979,12945,10055,23556,19890,14962,10482,9155,-544,2321,1017,2463,900,6157,dire,23103.0,23029.0,22114.0,20151.0,15777.0,15163.0,13089.0,10727.0,10104.0,9251.0
238,22179,21334,20539,15428,14152,22154,18368,15396,12978,13127,25,2966,5143,2450,1025,11609,radiant,22219.0,21831.0,21073.0,18582.0,20607.0,15845.0,15635.0,13168.0,14421.0,12975.0
239,19969,16454,12909,12200,11519,23757,18958,17731,11436,11212,-3788,-2504,-4822,764,307,-10043,dire,19621.0,24243.0,16298.0,18940.0,13111.0,17936.0,12514.0,11216.0,11839.0,11400.0
240,21234,16282,15774,11968,11272,23781,20164,16050,16237,11628,-2547,-3882,-276,-4269,-356,-11330,dire,21521.0,22315.0,16200.0,20535.0,16107.0,15914.0,11834.0,15248.0,11442.0,11870.0
241,19054,14779,17041,13273,10371,19107,16664,14927,9560,9146,-53,-1885,2114,3713,1225,5114,dire,18080.0,18733.0,14197.0,16918.0,16489.0,15116.0,13123.0,9428.0,9940.0,9291.0
242,20114,15009,15205,10591,9933,19001,19064,14759,11389,9582,1113,-4055,446,-798,351,-2943,radiant,19931.0,19188.0,15021.0,18938.0,14044.0,14954.0,10592.0,11222.0,9904.0,9564.0
243,27218,19237,18375,16423,11388,19700,17077,13427,8826,6813,7518,2160,4948,7597,4575,26798,radiant,27020.0,19989.0,19442.0,16934.0,17964.0,13513.0,16743.0,8566.0,11090.0,6999.0
244,20269,17213,16619,11660,9882,21156,15656,16674,13869,10411,-887,1557,-55,-2209,-529,-2123,dire,19293.0,21445.0,16138.0,16006.0,16625.0,16631.0,11287.0,14161.0,9733.0,10570.0
245,24463,23137,21369,10638,10198,22769,20316,14331,10406,9871,1694,2821,7038,232,327,12112,radiant,24631.0,23476.0,23395.0,20078.0,21125.0,14339.0,10841.0,10733.0,10350.0,10268.0
246,23114,19225,16994,12696,10921,25797,18657,17255,14354,9222,-2683,568,-261,-1658,1699,-2335,dire,22997.0,25503.0,19340.0,18865.0,16568.0,17133.0,12367.0,14087.0,11145.0,9411.0
247,24017,19298,16892,14142,10972,20676,20725,15939,13243,12226,3341,-1427,953,899,-1254,2512,radiant,24144.0,20553.0,19037.0,20728.0,16738.0,15691.0,13817.0,13243.0,10886.0,11406.0
248,18869,12965,13472,11134,7371,23377,17991,16553,10991,10087,-4508,-5026,-3081,143,-2716,-15188,dire,18833.0,23548.0,13080.0,18252.0,13154.0,16743.0,11435.0,11362.0,7472.0,10346.0
249,23084,16932,16275,11852,8700,20493,19544,13273,12996,9018,2591,-2612,3002,-1144,-318,1519,radiant,22920.0,20566.0,16365.0,19025.0,16088.0,12399.0,11852.0,12768.0,8682.0,9180.0
250,20167,19067,18273,11982,8087,23392,20211,18404,12151,9874,-3225,-1144,-131,-169,-1787,-6456,dire,20298.0,24027.0,18833.0,20850.0,17649.0,18427.0,11538.0,12469.0,8137.0,9815.0
251,29499,18820,18989,14669,12135,19959,18980,15664,9574,9932,9540,-160,3325,5095,2203,20003,radiant,29566.0,19909.0,18934.0,18965.0,19183.0,15747.0,14630.0,9293.0,12166.0,9899.0
252,26523,20015,19412,16041,11078,20808,15837,14097,11660,9326,5715,4178,5315,4381,1752,21341,radiant,25574.0,21362.0,19597.0,16267.0,18740.0,14178.0,15361.0,11849.0,10528.0,9477.0
253,22094,21727,14492,12020,10398,27022,21351,21372,14222,12112,-4928,376,-6880,-2202,-1714,-15348,dire,21617.0,27676.0,20442.0,21750.0,14638.0,21333.0,12436.0,14352.0,9765.0,12267.0
254,22444,22163,18028,11833,10606,24018,19339,15821,11094,10133,-1574,2824,2207,739,473,4669,radiant,22198.0,23496.0,22117.0,19110.0,18010.0,15726.0,12124.0,11023.0,10886.0,10218.0
255,25536,21244,16132,11426,8872,23039,22132,18545,10632,9356,2497,-888,-2413,794,-484,-494,radiant,24890.0,22551.0,20489.0,21513.0,16042.0,18761.0,11483.0,10739.0,8956.0,9631.0
256,23570,20680,18175,11030,10075,25983,18426,18566,13703,12528,-2413,2254,-391,-2673,-2453,-5676,radiant,22651.0,25331.0,19587.0,17490.0,17516.0,18708.0,10228.0,13795.0,9974.0,12607.0
257,18369,19804,17819,15140,10819,27429,19090,15960,13084,7631,-9060,714,1859,2056,3188,-1243,dire,18367.0,26429.0,20151.0,18051.0,17880.0,15093.0,15527.0,12324.0,11153.0,7234.0
258,23842,18487,16600,16773,11038,23641,14404,14997,10809,11510,201,4083,1603,5964,-472,11379,dire,24313.0,23346.0,18089.0,14212.0,16393.0,14730.0,16158.0,10417.0,10979.0,11581.0
259,20444,19264,16946,14715,11229,23383,19605,16428,11426,8655,-2939,-341,518,3289,2574,3101,radiant,19141.0,23337.0,18546.0,19998.0,16784.0,16461.0,14142.0,11317.0,10426.0,8730.0
260,27443,19934,13947,9798,9347,27151,18567,17089,12009,11414,292,1367,-3142,-2211,-2067,-5761,dire,27465.0,27754.0,19731.0,19104.0,13435.0,16821.0,10077.0,12269.0,9555.0,11802.0
261,26316,20970,15950,13131,9254,22002,21815,21017,12535,8776,4314,-845,-5067,596,478,-524,radiant,24689.0,21312.0,20232.0,21830.0,15836.0,21569.0,12708.0,12297.0,8794.0,8722.0
262,25994,17646,15957,11352,9425,21268,20085,15658,17105,10573,4726,-2439,299,-5753,-1148,-4315,dire,25432.0,21780.0,18055.0,19443.0,15716.0,15277.0,11813.0,17010.0,9725.0,10552.0
263,20179,17756,17476,10897,8052,20973,19226,17955,11300,10452,-794,-1470,-479,-403,-2400,-5546,dire,19491.0,20036.0,17417.0,18466.0,17062.0,17793.0,10987.0,11061.0,8140.0,10107.0
264,25518,16945,15180,12143,9077,22863,18409,17555,10634,11019,2655,-1464,-2375,1509,-1942,-1617,dire,24856.0,22916.0,16998.0,18153.0,14969.0,17970.0,12390.0,10494.0,9164.0,11323.0
265,16335,16128,15320,12347,8672,23174,19995,19152,13464,12000,-6839,-3867,-3832,-1117,-3328,-18983,dire,16646.0,23374.0,16144.0,20296.0,15385.0,18668.0,12598.0,13733.0,8628.0,11767.0
266,25431,18672,16624,13597,11396,26463,16610,14169,10997,9367,-1032,2062,2455,2600,2029,8114,radiant,26175.0,26121.0,18616.0,16046.0,16834.0,14475.0,13717.0,11212.0,11721.0,9128.0
267,25993,18177,16769,11448,9933,21866,18110,17684,9859,7703,4127,67,-915,1589,2230,7098,radiant,26583.0,22099.0,17983.0,18454.0,17133.0,17725.0,11670.0,9972.0,10116.0,7875.0
268,21782,19858,19911,10265,10058,16427,16827,16031,12707,9945,5355,3031,3880,-2442,113,9937,radiant,21607.0,16127.0,19816.0,16535.0,19956.0,15600.0,10291.0,12491.0,10332.0,9816.0
269,21170,19436,18105,9737,10285,25033,21800,17634,13072,10084,-3863,-2364,471,-3335,201,-8890,dire,21093.0,24983.0,18767.0,20868.0,16942.0,17242.0,9210.0,12795.0,9712.0,9846.0
270,18657,17619,16413,10879,11792,22366,20451,18872,11692,10103,-3709,-2832,-2459,-813,1689,-8124,dire,18242.0,22044.0,17461.0,19976.0,16588.0,18968.0,11022.0,11441.0,11594.0,10016.0
271,24343,23883,18089,11929,11016,22884,21205,20479,13982,8641,1459,2678,-2390,-2053,2375,2069,dire,24108.0,23431.0,23722.0,20957.0,17544.0,20904.0,11529.0,13717.0,10708.0,8917.0
272,25759,20515,17648,14070,11556,23493,15880,14799,13346,9972,2266,4635,2849,724,1584,12058,radiant,25694.0,22541.0,20292.0,15624.0,17386.0,15036.0,13703.0,13333.0,11502.0,10057.0
273,21223,19520,16104,14801,11085,24642,15422,12926,10703,7195,-3419,4098,3178,4098,3890,11845,radiant,21035.0,24411.0,19638.0,14913.0,15552.0,12881.0,14690.0,10631.0,10852.0,7399.0
274,19586,18765,13081,14240,9236,27377,18468,18098,12083,11938,-7791,297,-5017,2157,-2702,-13056,radiant,19396.0,27708.0,18816.0,18966.0,12963.0,18164.0,14190.0,12244.0,9377.0,12196.0
275,19357,18730,15483,8439,7685,26404,17867,18448,17830,10449,-7047,863,-2965,-9391,-2764,-21304,dire,19076.0,26490.0,18781.0,17774.0,15171.0,18437.0,8581.0,17638.0,7817.0,10822.0
276,21051,17182,15236,8521,7357,21124,19262,19038,15340,10657,-73,-2080,-3802,-6819,-3300,-16074,dire,20121.0,21222.0,17414.0,19400.0,15599.0,18745.0,8680.0,15411.0,7415.0,10548.0
277,17050,17764,15759,12812,7939,23011,19366,16052,14228,10012,-5961,-1602,-293,-1416,-2073,-11345,radiant,16490.0,22229.0,18028.0,19313.0,15829.0,15464.0,13153.0,14118.0,8112.0,9953.0
278,21528,19509,18165,11168,10135,21298,21972,16756,11651,10159,230,-2463,1409,-483,-24,-1331,radiant,21159.0,20864.0,18630.0,22021.0,17323.0,16849.0,10624.0,11864.0,9797.0,10195.0
279,17375,16720,16053,9657,8908,26143,18411,18058,13532,10275,-8768,-1691,-2005,-3875,-1367,-17706,dire,17756.0,24841.0,17183.0,17421.0,16382.0,17867.0,9863.0,13148.0,9181.0,9786.0
280,19019,18911,18626,10608,9028,22534,19858,15847,15247,12021,-3515,-947,2779,-4639,-2993,-9315,dire,18605.0,21429.0,19107.0,19517.0,18967.0,15867.0,10845.0,15196.0,9177.0,12100.0
281,22920,17843,17012,16237,9504,20136,20574,14433,10776,9897,2784,-2731,2579,5461,-393,7700,radiant,23336.0,19516.0,17819.0,20073.0,17388.0,14070.0,16177.0,10923.0,9613.0,9959.0
282,23749,20239,15308,12489,9720,20778,18289,16588,9190,8207,2971,1950,-1280,3299,1513,8453,radiant,23466.0,21265.0,20139.0,18048.0,15298.0,16540.0,12408.0,9415.0,9525.0,8390.0
283,27116,25844,20698,17563,10297,28243,16768,15062,14581,10455,-1127,9076,5636,2982,-158,16409,radiant,26312.0,27528.0,26190.0,16359.0,20375.0,13171.0,16425.0,14326.0,10435.0,9674.0
284,25713,23843,21789,16318,12320,21472,19725,15436,9125,8794,4241,4118,6353,7193,3526,25431,radiant,25103.0,21872.0,23665.0,19686.0,20413.0,15415.0,16132.0,9277.0,11600.0,8916.0
285,24661,16599,17189,10057,9469,20060,18259,14864,9130,9644,4601,-1660,2325,927,-175,6018,dire,24708.0,20119.0,16814.0,17948.0,17310.0,15086.0,10391.0,9003.0,9675.0,9778.0
286,18963,16915,13541,8191,8614,21198,20328,17383,12980,11765,-2235,-3413,-3842,-4789,-3151,-17430,dire,18780.0,20610.0,16996.0,20303.0,13300.0,17273.0,8200.0,12760.0,8614.0,11564.0
287,17439,16908,11430,8246,6889,23035,17336,14703,9570,9246,-5596,-428,-3273,-1324,-2357,-12978,dire,16858.0,22194.0,17166.0,16778.0,11719.0,14718.0,8280.0,9118.0,7122.0,9302.0
288,19769,19425,14304,11925,9276,20839,19961,16359,11471,10830,-1070,-536,-2055,454,-1554,-4761,dire,19267.0,20288.0,19064.0,20167.0,14147.0,16054.0,12029.0,11375.0,9488.0,10274.0
289,17414,12608,11342,9797,6937,24751,18875,18421,11558,9986,-7337,-6267,-7079,-1761,-3049,-25493,dire,17404.0,25125.0,12774.0,18861.0,11262.0,18683.0,9675.0,11753.0,7090.0,9631.0
290,25525,21340,17501,11057,10799,22101,15673,16800,12269,14164,3424,5667,701,-1212,-3365,5215,radiant,25127.0,22202.0,21594.0,15771.0,17253.0,17027.0,10797.0,12620.0,10348.0,14136.0
291,29263,17074,16594,12486,10169,18888,18195,17688,12438,11626,10375,-1121,-1094,48,-1457,6751,radiant,29541.0,18713.0,17231.0,17876.0,16866.0,17513.0,12729.0,12429.0,10395.0,11645.0
292,20986,18765,16600,14859,9357,24187,19706,16973,11316,12000,-3201,-941,-373,3543,-2643,-3615,dire,20393.0,24748.0,19227.0,20190.0,16818.0,17202.0,14398.0,11634.0,9350.0,11760.0
293,25615,16105,15650,10262,10193,22833,19602,14885,13989,12193,2782,-3497,765,-3727,-2000,-5677,dire,25334.0,23417.0,15786.0,20113.0,15273.0,15104.0,10171.0,14441.0,10109.0,12510.0
294,26388,19030,13394,12484,12421,21612,17655,17072,13873,12148,4776,1375,-3678,-1389,273,1357,radiant,27130.0,21252.0,19076.0,17577.0,13684.0,16858.0,12699.0,13942.0,12721.0,12273.0
295,21429,17701,16433,9817,8623,27144,21076,18087,9683,6690,-5715,-3375,-1654,134,1933,-8677,dire,21638.0,26566.0,18018.0,20971.0,16436.0,17738.0,10048.0,9430.0,8823.0,6703.0
296,23059,17534,16608,15946,11589,24391,18648,17724,13004,11325,-1332,-1114,-1116,2942,264,-356,dire,23324.0,23718.0,17629.0,18466.0,16481.0,17557.0,15393.0,12309.0,11627.0,10974.0
297,22868,16852,15738,16924,10180,26854,17777,15486,13474,13690,-3986,-925,252,3450,-3510,-4719,radiant,22608.0,27154.0,15904.0,18004.0,14836.0,15601.0,16695.0,13145.0,10038.0,13856.0
298,19564,20255,18445,11792,11161,20700,18614,18247,12321,14125,-1136,1641,198,-529,-2964,-2790,radiant,19146.0,20500.0,19536.0,18366.0,18533.0,17815.0,12061.0,12164.0,11197.0,13896.0
299,27441,18483,15960,11185,6919,25630,23001,22197,11701,9984,1811,-4518,-6237,-516,-3065,-12525,radiant,28276.0,25722.0,18875.0,23281.0,16398.0,21763.0,11513.0,11602.0,7131.0,10063.0
300,25510,17956,15656,15848,9315,26596,17452,17828,11498,9847,-1086,504,-2172,4350,-532,1064,radiant,25104.0,26567.0,18005.0,17098.0,15760.0,17238.0,16022.0,11420.0,9482.0,9774.0
301,34681,19713,13051,11608,10160,20056,16991,16394,10825,10425,14625,2722,-3343,783,-265,14522,dire,33864.0,20113.0,18841.0,16852.0,12666.0,16135.0,11630.0,10898.0,9650.0,10704.0
302,21785,17645,19234,17653,10261,24578,21321,15429,9195,8894,-2793,-3676,3805,8458,1367,7161,radiant,21024.0,24317.0,17712.0,21585.0,18659.0,14804.0,17953.0,9181.0,9985.0,9015.0
303,25138,24020,16370,13399,9980,28813,26466,18196,11232,8402,-3675,-2446,-1826,2167,1578,-4202,dire,25808.0,28108.0,24727.0,24991.0,15976.0,17992.0,13856.0,11011.0,10285.0,8394.0
304,31361,19864,17879,12272,10288,19090,19155,16547,9562,9570,12271,709,1332,2710,718,17740,radiant,30794.0,18468.0,19834.0,18964.0,17442.0,16728.0,12175.0,9616.0,10225.0,9551.0
305,25499,20303,14094,11973,8078,25493,17683,17937,14672,10536,6,2620,-3843,-2699,-2458,-6374,dire,25290.0,25607.0,20083.0,17490.0,13927.0,18091.0,11938.0,14501.0,7830.0,10527.0
306,22486,20257,16125,10164,8718,22836,20277,17299,12532,10170,-350,-20,-1174,-2368,-1452,-5364,dire,22428.0,22086.0,20236.0,19698.0,16248.0,17052.0,10344.0,12393.0,9033.0,10301.0
307,23678,21335,17815,10237,9609,20947,20056,13335,9993,7147,2731,1279,4480,244,2462,11196,radiant,23474.0,21463.0,21519.0,19441.0,17937.0,13168.0,10111.0,9981.0,9612.0,7274.0
308,20911,12955,12710,10422,9520,21432,20072,17526,13367,12226,-521,-7117,-4816,-2945,-2706,-18105,dire,18821.0,20977.0,11400.0,20069.0,11635.0,16624.0,9489.0,13236.0,8750.0,11856.0
309,25771,20089,18906,14458,13761,23413,15123,14487,10677,8217,2358,4966,4419,3781,5544,21068,radiant,25988.0,24076.0,19807.0,15149.0,18166.0,14747.0,13797.0,10893.0,14046.0,8429.0
310,24309,17837,16654,11498,9733,21223,21314,20592,15185,11542,3086,-3477,-3938,-3687,-1809,-9825,radiant,24307.0,21140.0,17844.0,21180.0,16696.0,20480.0,11344.0,15060.0,9512.0,11667.0
311,19245,18298,16674,10494,9307,24306,22138,21393,12591,11129,-5061,-3840,-4719,-2097,-1822,-17539,dire,19443.0,24413.0,18399.0,21894.0,16690.0,21233.0,10709.0,12635.0,9590.0,10782.0
312,23600,22927,18425,13076,10671,22470,16239,15194,13414,9536,1130,6688,3231,-338,1135,11846,radiant,23031.0,22617.0,21970.0,16086.0,17063.0,14621.0,12328.0,12978.0,10503.0,9484.0
313,24688,16349,14732,14104,11983,21730,21615,22698,13321,12987,2958,-5266,-7966,783,-1004,-10495,dire,24095.0,21401.0,15759.0,21349.0,14328.0,22580.0,13251.0,13354.0,11236.0,12778.0
314,25818,18862,19281,10617,9355,29334,19353,15750,10189,8700,-3516,-491,3531,428,655,607,dire,25030.0,30252.0,18309.0,18504.0,19135.0,15623.0,10278.0,10435.0,9222.0,8903.0
315,20831,20708,20108,15765,8954,25438,18906,19669,17945,12496,-4607,1802,439,-2180,-3542,-8088,dire,20589.0,25978.0,21032.0,18367.0,20291.0,20185.0,15697.0,17188.0,9076.0,12694.0
316,21308,17063,12874,12289,12122,23616,18451,17788,11893,10493,-2308,-1388,-4914,396,1629,-6585,dire,21754.0,22228.0,17367.0,17147.0,13219.0,16973.0,12360.0,11172.0,12486.0,9691.0
317,22222,21383,20755,12569,11365,20539,16606,15345,12957,11808,1683,4777,5410,-388,-443,11039,radiant,22240.0,20418.0,20587.0,16806.0,21156.0,14747.0,12790.0,12655.0,11337.0,11903.0
318,20492,16537,12913,10118,7162,26076,19614,16024,10514,11163,-5584,-3077,-3111,-396,-4001,-16169,dire,20490.0,26670.0,16744.0,19689.0,13151.0,16268.0,10359.0,10714.0,7215.0,11409.0
319,21166,19574,13547,12428,8038,24404,19722,15377,11599,10334,-3238,-148,-1830,829,-2296,-6683,radiant,20028.0,24112.0,19686.0,19720.0,13411.0,14568.0,12437.0,11440.0,7778.0,10415.0
320,19940,12889,12037,9617,7346,20716,20664,18861,14157,10846,-776,-7775,-6824,-4540,-3500,-23415,dire,20394.0,20017.0,13167.0,20185.0,12331.0,18207.0,9196.0,13833.0,7602.0,10572.0
321,21584,19773,20430,16210,12980,25090,17855,16954,11935,8870,-3506,1918,3476,4275,4110,10273,radiant,21010.0,24838.0,19491.0,17440.0,20251.0,16811.0,15879.0,12226.0,12639.0,9055.0
322,21645,18013,16364,14013,9735,20639,19933,17772,9561,8390,1006,-1920,-1408,4452,1345,3475,dire,21664.0,20149.0,17676.0,19463.0,16441.0,17764.0,13824.0,9606.0,9877.0,8427.0
323,19881,16138,17145,9635,9909,19464,17457,16974,13664,10960,417,-1319,171,-4029,-1051,-5811,radiant,19835.0,19499.0,15860.0,17713.0,17201.0,16995.0,9835.0,13536.0,10116.0,11231.0
324,25946,23502,18332,10739,10681,20490,20295,17235,10332,10172,5456,3207,1097,407,509,10676,radiant,24841.0,20314.0,23153.0,20033.0,17717.0,17215.0,10450.0,10529.0,10425.0,10301.0
325,21251,18626,15367,13368,8591,26848,19345,17247,13229,10602,-5597,-719,-1880,139,-2011,-10068,dire,21064.0,27200.0,18078.0,19449.0,14917.0,17419.0,13272.0,13434.0,8515.0,10962.0
326,21566,18759,16397,12478,13506,26078,23406,16569,8556,8331,-4512,-4647,-172,3922,5175,-234,radiant,21392.0,25328.0,18716.0,22883.0,16534.0,16437.0,12801.0,8635.0,13554.0,8421.0
327,22222,21398,17577,17052,12703,20576,16177,14915,12550,9259,1646,5221,2662,4502,3444,17475,radiant,22099.0,19848.0,19842.0,16177.0,17058.0,14879.0,16592.0,12546.0,12261.0,9173.0
328,23742,21803,17922,14472,12663,17431,17345,15238,7400,6757,6311,4458,2684,7072,5906,26431,radiant,23311.0,17826.0,21760.0,17242.0,17764.0,15349.0,14412.0,7575.0,12909.0,6903.0
329,25394,24681,22264,15601,13864,24402,19725,14401,8895,8152,992,4956,7863,6706,5712,26229,radiant,25994.0,23570.0,24893.0,19640.0,22510.0,14390.0,15894.0,8676.0,14218.0,8184.0
330,26638,17459,13720,10530,9539,18267,18127,18547,10347,9329,8371,-668,-4827,183,210,3269,radiant,26556.0,18028.0,17200.0,17660.0,13844.0,18349.0,10658.0,10089.0,9668.0,9210.0
331,23740,16983,15404,12089,8985,23923,22550,20180,11954,11357,-183,-5567,-4776,135,-2372,-12763,dire,23237.0,23967.0,16799.0,23096.0,15446.0,20631.0,11952.0,12228.0,8912.0,11679.0
332,17007,15983,18830,13112,9698,22481,21795,14627,14706,9916,-5474,-5812,4203,-1594,-218,-8895,radiant,16340.0,22303.0,15845.0,21620.0,18596.0,14723.0,13315.0,14885.0,9592.0,10175.0
333,23513,18848,17743,12780,9758,25947,25016,18147,15487,12849,-2434,-6168,-404,-2707,-3091,-14804,dire,24126.0,24857.0,19323.0,24983.0,17509.0,17395.0,13111.0,15558.0,10059.0,13041.0
334,20742,20366,16817,12755,10003,26324,22014,20161,14144,11968,-5582,-1648,-3344,-1389,-1965,-13928,dire,20118.0,26886.0,19786.0,22225.0,16434.0,19331.0,12870.0,14429.0,10049.0,11488.0
335,23619,21579,18932,14155,9244,24850,19744,17642,19144,14136,-1231,1835,1290,-4989,-4892,-7987,radiant,22597.0,24420.0,21276.0,20308.0,18828.0,17194.0,13002.0,19207.0,8614.0,14404.0
336,22832,20028,17559,15977,11143,24224,18426,12600,13049,9136,-1392,1602,4959,2928,2007,10104,radiant,22185.0,24724.0,19238.0,18281.0,16949.0,12578.0,15632.0,12962.0,10946.0,9044.0
337,19405,16023,15786,13180,8899,23747,21397,18872,10942,10847,-4342,-5374,-3086,2238,-1948,-12512,dire,18901.0,23359.0,16157.0,21342.0,15798.0,18783.0,13152.0,11110.0,9005.0,10859.0
338,20273,16573,14773,10720,10639,23584,17838,16196,12443,8883,-3311,-1265,-1423,-1723,1756,-5966,radiant,20427.0,23633.0,16641.0,17842.0,15105.0,16521.0,10570.0,12464.0,10689.0,9014.0
339,24055,20664,18430,10984,11114,23814,25078,18295,14923,10189,241,-4414,135,-3939,925,-7052,dire,24078.0,23560.0,21081.0,24621.0,18561.0,18740.0,11066.0,15069.0,11331.0,10439.0
340,20405,17730,14630,9860,7625,17920,18959,16698,10372,10398,2485,-1229,-2068,-512,-2773,-4097,radiant,20267.0,17879.0,17320.0,18777.0,14587.0,16726.0,9984.0,10518.0,7717.0,10617.0
341,18715,18421,20186,10914,9742,22963,13912,13975,10979,9454,-4248,4509,6211,-65,288,6695,radiant,18461.0,22859.0,17634.0,14204.0,20343.0,14089.0,10894.0,11166.0,9032.0,9617.0
342,22385,22217,17835,14237,11999,30983,25334,17126,13327,13308,-8598,-3117,709,910,-1309,-11405,dire,22863.0,30062.0,22185.0,24392.0,18222.0,16168.0,14631.0,12344.0,12281.0,12483.0
343,21401,19219,14382,9760,8246,19712,21297,19912,14470,13113,1689,-2078,-5530,-4710,-4867,-15496,dire,21431.0,19537.0,19123.0,20832.0,14532.0,19520.0,9909.0,14452.0,8385.0,13306.0
344,22066,22056,19936,13700,13260,27487,21570,19139,12807,10088,-5421,486,797,893,3172,-73,radiant,20785.0,26504.0,22358.0,21754.0,19740.0,18256.0,13378.0,12572.0,13140.0,10347.0
345,24340,18946,17142,15295,12506,25702,19743,19725,12047,11621,-1362,-797,-2583,3248,885,-609,radiant,22592.0,26394.0,17835.0,20166.0,16194.0,19841.0,14327.0,12405.0,11515.0,11968.0
346,25584,16959,16064,14962,10150,24434,17301,16328,14796,9769,1150,-342,-264,166,381,1091,radiant,25689.0,23921.0,16223.0,16745.0,15987.0,16012.0,14735.0,14451.0,10062.0,9709.0
347,22212,21555,15315,12316,10817,28864,18953,18199,11822,10140,-6652,2602,-2884,494,677,-5763,dire,22572.0,28240.0,21912.0,17664.0,15600.0,17288.0,12498.0,11465.0,11130.0,9868.0
348,24595,20124,18386,10294,10048,22521,15528,15453,10799,9990,2074,4596,2933,-505,58,9156,radiant,24376.0,22553.0,19824.0,15784.0,18411.0,15610.0,10423.0,10937.0,10185.0,10290.0
349,20733,20804,14171,14020,11777,21749,17738,15520,14920,9687,-1016,3066,-1349,-900,2090,1891,dire,20490.0,21687.0,21032.0,17449.0,14205.0,15760.0,14017.0,14625.0,11787.0,9804.0
350,19208,18588,17475,10321,8775,27456,24232,19353,11769,10810,-8248,-5644,-1878,-1448,-2035,-19253,dire,19117.0,26636.0,18083.0,23783.0,17389.0,18898.0,10578.0,11394.0,8759.0,10378.0
351,19398,17131,18228,16457,12889,25086,20137,14654,11187,7401,-5688,-3006,3574,5270,5488,5638,radiant,18785.0,25154.0,16656.0,20307.0,17565.0,14666.0,15773.0,11313.0,11962.0,7465.0
352,21688,18357,18285,11861,8469,20649,20648,16126,11455,9985,1039,-2291,2159,406,-1516,-203,radiant,21882.0,20551.0,18343.0,20849.0,18134.0,16075.0,11830.0,11610.0,8505.0,10119.0
353,16737,14562,17429,12526,9397,26042,20915,18124,16028,12383,-9305,-6353,-695,-3502,-2986,-22841,dire,15922.0,25020.0,14896.0,20414.0,16020.0,17540.0,11979.0,15336.0,8837.0,12171.0
354,22148,15199,12470,8322,7265,28851,17760,14750,10049,9214,-6703,-2561,-2280,-1727,-1949,-15220,dire,22784.0,28238.0,15200.0,17666.0,12452.0,14592.0,8258.0,9883.0,7361.0,8782.0
355,26292,23280,16024,12080,10119,18207,15727,15667,10920,8180,8085,7553,357,1160,1939,19094,radiant,25845.0,17541.0,21868.0,15778.0,14711.0,15612.0,11057.0,10822.0,9637.0,8390.0
356,20178,17839,11674,9251,7499,24882,20210,18775,12726,12188,-4704,-2371,-7101,-3475,-4689,-22340,dire,19974.0,24559.0,17657.0,19846.0,11832.0,18552.0,9482.0,12801.0,7744.0,12158.0
357,17113,15896,15338,10722,8976,27981,20308,17726,11697,10489,-10868,-4412,-2388,-975,-1513,-20156,dire,16978.0,28032.0,15557.0,20518.0,14927.0,17759.0,10656.0,11784.0,8904.0,10562.0
358,28022,18585,13325,11770,10657,23548,17031,16071,14584,8792,4474,1554,-2746,-2814,1865,2333,dire,27140.0,24077.0,19066.0,17031.0,12946.0,16341.0,11867.0,14396.0,10946.0,8962.0
359,20589,16852,15050,11382,11193,21236,20461,17261,13217,13218,-647,-3609,-2211,-1835,-2025,-10327,radiant,20308.0,21253.0,17087.0,20123.0,15005.0,16734.0,11467.0,13032.0,11433.0,13211.0
360,24223,20607,19314,12060,11885,21777,16738,15386,13320,8292,2446,3869,3928,-1260,3593,12576,radiant,24635.0,21108.0,20627.0,16880.0,19146.0,14918.0,12043.0,13496.0,11685.0,8406.0
361,17509,17456,18163,12331,12256,19258,14244,13616,10853,8562,-1749,3212,4547,1478,3694,11182,radiant,17491.0,18904.0,17937.0,14245.0,17933.0,13260.0,12586.0,11015.0,12021.0,8497.0
362,26099,19789,18613,13292,10918,18063,16578,14656,8081,7409,8036,3211,3957,5211,3509,23924,radiant,26734.0,16908.0,19710.0,16102.0,18887.0,14608.0,13298.0,7929.0,10661.0,7240.0
363,17521,16257,16198,9667,10353,26210,19354,15218,11456,11400,-8689,-3097,980,-1789,-1047,-13642,dire,17363.0,26478.0,15826.0,19714.0,16229.0,15555.0,9774.0,11640.0,10414.0,11651.0
364,20623,19703,17931,12121,9593,21064,19631,14867,15736,12502,-441,72,3064,-3615,-2909,-3829,dire,19983.0,21661.0,18071.0,19303.0,16482.0,15275.0,11060.0,15908.0,9533.0,12836.0
365,21842,20564,17674,10053,7444,21141,18802,17153,12832,11183,701,1762,521,-2779,-3739,-3534,radiant,21329.0,20444.0,20362.0,18759.0,17611.0,16695.0,9743.0,12972.0,7624.0,11456.0
366,20937,19954,19757,10971,9822,25590,14954,14815,9688,6949,-4653,5000,4942,1283,2873,9445,radiant,20720.0,26291.0,20342.0,14329.0,19608.0,15085.0,11025.0,9799.0,9618.0,7158.0
367,19496,17485,15341,10574,7355,31469,21007,18607,15533,12493,-11973,-3522,-3266,-4959,-5138,-28858,dire,19387.0,30050.0,17095.0,20509.0,15532.0,17846.0,10737.0,14017.0,7317.0,11729.0
368,24648,18781,17147,13454,12113,24395,16562,15037,14465,9113,253,2219,2110,-1011,3000,6571,radiant,23620.0,24968.0,18070.0,16997.0,16505.0,14607.0,13136.0,14956.0,11932.0,9476.0
369,19975,18520,14189,11300,6706,23978,17260,17080,12766,12397,-4003,1260,-2891,-1466,-5691,-12791,radiant,19964.0,23616.0,18678.0,17131.0,14090.0,16709.0,11582.0,12491.0,6858.0,12079.0
370,24039,19574,19977,15331,11279,22215,19817,15235,11329,11027,1824,-243,4742,4002,252,10577,dire,23802.0,20146.0,18948.0,19285.0,19967.0,14639.0,15619.0,11399.0,11395.0,10928.0
371,18402,17348,15428,11599,10885,23039,18377,17372,11309,11430,-4637,-1029,-1944,290,-545,-7865,dire,17816.0,22473.0,17589.0,18145.0,15655.0,17319.0,11743.0,11048.0,11031.0,11369.0
372,19378,16993,18183,10448,8118,25616,18818,17152,14438,11709,-6238,-1825,1031,-3990,-3591,-14613,dire,17930.0,25656.0,15676.0,18863.0,17103.0,17448.0,9093.0,14563.0,7782.0,11352.0
373,23408,20225,18456,11656,10018,18050,17126,12982,14830,7867,5358,3099,5474,-3174,2151,12908,radiant,23006.0,17867.0,20083.0,16953.0,18766.0,12627.0,11582.0,15030.0,10289.0,8018.0
374,27778,20045,16271,11131,9466,21261,20275,14657,8593,9114,6517,-230,1614,2538,352,10791,radiant,27907.0,21387.0,19977.0,20126.0,16311.0,14587.0,11183.0,8481.0,9570.0,9363.0
375,26356,16026,15026,8072,7396,21223,22367,19745,12986,9728,5133,-6341,-4719,-4914,-2332,-13173,dire,26831.0,20506.0,15976.0,22216.0,14633.0,19412.0,8161.0,12272.0,7551.0,9617.0
376,19772,16670,16267,7718,5470,28186,24941,18759,16382,10972,-8414,-8271,-2492,-8664,-5502,-33343,dire,18705.0,28515.0,16687.0,25384.0,16467.0,19172.0,7809.0,16426.0,5511.0,10484.0
377,20234,17751,17888,13944,11554,18922,16853,15849,10259,8258,1312,898,2039,3685,3296,11230,radiant,20250.0,18973.0,17467.0,16868.0,17988.0,15848.0,14226.0,10262.0,11482.0,8247.0
378,25200,17810,15592,10483,9010,19251,16770,17847,9504,8175,5949,1040,-2255,979,835,6548,dire,24436.0,19071.0,17634.0,16385.0,14953.0,17655.0,10440.0,9686.0,9266.0,8333.0
379,18404,14511,14749,8834,8452,23839,19415,18094,13696,9779,-5435,-4904,-3345,-4862,-1327,-19873,dire,18342.0,22954.0,14472.0,18616.0,14311.0,17842.0,9041.0,13333.0,8567.0,9416.0
380,19576,18871,14448,13329,8392,28880,22138,17521,13495,10620,-9304,-3267,-3073,-166,-2228,-18038,dire,19917.0,28025.0,18603.0,21747.0,14263.0,16433.0,12828.0,13175.0,8357.0,10266.0
381,21423,16250,13207,12297,10401,28267,17404,13981,10144,10489,-6844,-1154,-774,2153,-88,-6707,radiant,20738.0,27765.0,15781.0,17210.0,12809.0,14155.0,12329.0,10359.0,10061.0,10734.0
382,18728,13879,14386,12108,10999,22823,19232,18326,12811,13105,-4095,-5353,-3940,-703,-2106,-16197,dire,19295.0,22305.0,14186.0,19305.0,12771.0,18526.0,12378.0,12622.0,10947.0,12848.0
383,25437,20407,19738,15226,12189,20264,18237,16098,15664,11719,5173,2170,3640,-438,470,11015,radiant,25480.0,20030.0,20476.0,18785.0,19696.0,15675.0,15103.0,15757.0,11928.0,11995.0
384,17883,17015,15091,10047,8205,27852,21978,21486,13201,12333,-9969,-4963,-6395,-3154,-4128,-28609,dire,18210.0,26806.0,17131.0,21094.0,15300.0,20856.0,10305.0,12241.0,8370.0,11718.0
385,24426,15594,16148,10497,9176,21438,19830,16523,9426,9931,2988,-4236,-375,1071,-755,-1307,dire,23442.0,20310.0,15876.0,19163.0,16476.0,15558.0,10649.0,8868.0,9369.0,9107.0
386,25299,19166,15222,7417,7754,21016,19481,19060,11994,11570,4283,-315,-3838,-4577,-3816,-8263,dire,25010.0,20851.0,19348.0,19406.0,15227.0,18950.0,7614.0,12018.0,7857.0,11389.0
387,21311,17051,17020,9032,7645,28252,17760,16661,12319,12324,-6941,-709,359,-3287,-4679,-15257,dire,20960.0,28430.0,16964.0,17828.0,16823.0,16409.0,8734.0,12603.0,7646.0,12342.0
388,26457,17790,17749,9915,10160,30417,19645,17973,11323,7933,-3960,-1855,-224,-1408,2227,-5220,dire,25802.0,30907.0,17427.0,19342.0,17588.0,18284.0,9815.0,11526.0,10001.0,8193.0
389,27290,20245,15669,12674,7692,25572,16437,13781,10229,8796,1718,3808,1888,2445,-1104,8755,radiant,27036.0,26072.0,19008.0,16137.0,15718.0,13695.0,12309.0,10137.0,7627.0,8730.0
390,24071,20627,18569,15454,9288,19349,16581,14875,11985,11835,4722,4046,3694,3469,-2547,13384,radiant,23619.0,19373.0,19700.0,16670.0,18131.0,14278.0,15098.0,11754.0,8780.0,12150.0
391,24332,19459,17084,10629,10001,22675,20973,18637,10170,10145,1657,-1514,-1553,459,-144,-1095,radiant,24392.0,22521.0,19537.0,20477.0,17494.0,18132.0,10888.0,10078.0,10280.0,10125.0
392,21765,14812,15499,10419,7943,23867,23980,16625,14948,13472,-2102,-9168,-1126,-4529,-5529,-22454,dire,21789.0,22983.0,14962.0,24183.0,15180.0,16552.0,10694.0,14802.0,8225.0,13315.0
393,20383,20282,15783,8037,7899,23757,22010,18643,11520,10481,-3374,-1728,-2860,-3483,-2582,-14027,dire,20458.0,23393.0,20635.0,20637.0,15659.0,18668.0,8255.0,11081.0,8118.0,10059.0
394,23495,18505,17328,11842,11565,25810,16772,16094,10832,8800,-2315,1733,1234,1010,2765,4427,dire,22314.0,26452.0,18410.0,17217.0,16189.0,16539.0,11607.0,11073.0,10800.0,9117.0
395,21173,18729,17321,8792,8115,25075,20583,16688,14260,12271,-3902,-1854,633,-5468,-4156,-14747,dire,21679.0,23489.0,18670.0,19995.0,17642.0,16860.0,8944.0,13985.0,8406.0,11555.0
396,19277,18161,17594,11540,9106,22103,19960,14762,11441,9934,-2826,-1799,2832,99,-828,-2522,radiant,19851.0,21691.0,17890.0,19200.0,17355.0,14892.0,11791.0,11472.0,9168.0,9847.0
397,26744,18381,18207,12177,9357,23999,18409,14297,10632,10485,2745,-28,3910,1545,-1128,7044,radiant,26137.0,23591.0,18035.0,18042.0,17465.0,14368.0,12156.0,10643.0,9460.0,10436.0
398,19917,17657,15694,11515,8558,31857,19740,18016,12777,13337,-11940,-2083,-2322,-1262,-4779,-22386,dire,19383.0,31526.0,17357.0,19753.0,15563.0,17957.0,11418.0,13004.0,8699.0,13626.0
399,16219,15223,14973,13679,10092,22366,20653,18348,15889,9646,-6147,-5430,-3375,-2210,446,-16716,dire,16538.0,21806.0,15525.0,20293.0,15032.0,18100.0,13919.0,15871.0,10405.0,9246.0
400,22233,16819,17345,10413,9471,25950,22252,19090,11314,11521,-3717,-5433,-1745,-901,-2050,-13846,dire,22768.0,26278.0,16442.0,21681.0,17223.0,19355.0,10743.0,11504.0,9656.0,11733.0
401,21266,16048,15648,15166,10789,20054,18279,17245,12025,11525,1212,-2231,-1597,3141,-736,-211,dire,21497.0,18783.0,16429.0,16870.0,15949.0,15628.0,15479.0,11359.0,10983.0,10630.0
402,29250,20109,16277,12803,7856,25126,18514,12791,11983,10580,4124,1595,3486,820,-2724,7301,dire,29025.0,24469.0,19935.0,18348.0,16334.0,12765.0,12963.0,12038.0,7997.0,10770.0
403,18945,18523,18017,16494,10148,24265,19563,19512,13505,11505,-5320,-1040,-1495,2989,-1357,-6223,dire,18928.0,23768.0,17963.0,19256.0,18070.0,18910.0,16276.0,13725.0,10355.0,11390.0
404,21054,19293,18591,11341,8831,26812,19554,18252,10833,10633,-5758,-261,339,508,-1802,-6974,dire,20177.0,26261.0,19255.0,19554.0,18818.0,18228.0,11448.0,10919.0,8974.0,10508.0
405,18334,19843,20050,10496,10770,21509,16306,15632,14238,14111,-3175,3537,4418,-3742,-3341,-2303,dire,18325.0,19979.0,19145.0,15697.0,20080.0,14958.0,10010.0,13778.0,10531.0,14033.0
406,25638,20446,18066,12522,9854,21645,16003,14066,10639,7170,3993,4443,4000,1883,2684,17003,radiant,25194.0,21812.0,20791.0,16062.0,18112.0,13865.0,12383.0,10882.0,9715.0,7358.0
407,20430,20485,14263,12609,11795,23626,20699,19608,11787,8308,-3196,-214,-5345,822,3487,-4446,dire,20189.0,23807.0,20437.0,20081.0,14327.0,19662.0,12883.0,11876.0,11735.0,8219.0
408,25929,22803,17195,15521,10564,24269,17141,16013,12204,10030,1660,5662,1182,3317,534,12355,radiant,26286.0,24453.0,22345.0,17617.0,17631.0,15352.0,15195.0,12502.0,10707.0,10071.0
409,19834,20274,19962,14146,11083,22618,19310,15798,15259,10601,-2784,964,4164,-1113,482,1713,dire,20130.0,22768.0,20217.0,19255.0,19777.0,14992.0,13414.0,15092.0,10904.0,10631.0
410,18482,18649,16169,15564,10549,21881,20167,18986,13466,14608,-3399,-1518,-2817,2098,-4059,-9695,radiant,18711.0,22561.0,18464.0,20018.0,15928.0,18978.0,16026.0,13961.0,10614.0,15158.0
411,24487,18727,16044,9314,8310,21134,16767,16354,10009,8658,3353,1960,-310,-695,-348,3960,radiant,24120.0,21441.0,19132.0,16293.0,16007.0,16288.0,9169.0,10065.0,8112.0,8535.0
412,25362,15619,14969,12466,8416,24785,22406,15334,13890,14325,577,-6787,-365,-1424,-5909,-13908,dire,25122.0,24848.0,15623.0,22983.0,14914.0,15330.0,12358.0,14303.0,8395.0,14498.0
413,18334,15746,12561,8747,6431,27000,14638,15167,11929,10511,-8666,1108,-2606,-3182,-4080,-17426,dire,18866.0,26293.0,15700.0,14335.0,12854.0,14778.0,8714.0,11812.0,6650.0,10599.0
414,18836,15848,16893,11097,7961,22756,20597,20083,15723,13503,-3920,-4749,-3190,-4626,-5542,-22027,dire,18834.0,22348.0,15739.0,20582.0,16758.0,19757.0,11192.0,15503.0,8172.0,13790.0
415,21037,15150,14134,10492,8033,20411,20168,19684,12354,10830,626,-5018,-5550,-1862,-2797,-14601,dire,20226.0,19801.0,15357.0,19619.0,14138.0,19631.0,10525.0,12318.0,8087.0,10911.0
416,22461,18759,15032,13049,10317,23723,19793,19024,11644,7565,-1262,-1034,-3992,1405,2752,-2131,dire,22275.0,23693.0,18630.0,19360.0,14973.0,19108.0,13360.0,11842.0,10465.0,7687.0
417,25333,19378,13300,15585,10281,22620,15540,15645,10275,10143,2713,3838,-2345,5310,138,9654,dire,24439.0,23077.0,19286.0,15597.0,12939.0,15172.0,15476.0,10007.0,9805.0,10052.0
418,23476,21441,20035,9199,8705,18204,18583,15336,9822,7685,5272,2858,4699,-623,1020,13226,radiant,23338.0,18045.0,21591.0,18756.0,19788.0,15538.0,9331.0,9987.0,8729.0,7851.0
419,22433,18125,11945,11729,9751,26828,22844,18113,11506,11984,-4395,-4719,-6168,223,-2233,-17292,dire,22828.0,26629.0,17837.0,23207.0,12097.0,17867.0,11990.0,11594.0,9740.0,12047.0
420,18882,18000,14563,9076,8077,23371,19141,14844,11799,9474,-4489,-1141,-281,-2723,-1397,-10031,dire,18867.0,22715.0,18117.0,19108.0,14817.0,14959.0,9300.0,11690.0,8050.0,9517.0
421,22738,19117,17564,11184,7280,20246,22403,18553,9665,10123,2492,-3286,-989,1519,-2843,-3107,dire,23265.0,20042.0,18849.0,21409.0,17289.0,18334.0,11329.0,9724.0,7160.0,10230.0
422,22785,19603,17254,16745,10403,16622,16445,15916,9623,9279,6163,3158,1338,7122,1124,18905,radiant,23074.0,15836.0,19549.0,16373.0,17540.0,15699.0,17108.0,9874.0,10805.0,9346.0
423,23380,20158,20177,14491,11055,27974,23869,18155,12185,11070,-4594,-3711,2022,2306,-15,-3992,dire,23856.0,28504.0,19732.0,24349.0,20765.0,17291.0,14555.0,11813.0,11388.0,11130.0
424,19442,16788,16754,10877,8523,21648,21216,17439,8179,7460,-2206,-4428,-685,2698,1063,-3558,dire,19166.0,21690.0,16544.0,20945.0,16526.0,17588.0,10739.0,8276.0,8500.0,7048.0
425,25007,18156,15694,9562,9689,23779,16595,15512,9583,7698,1228,1561,182,-21,1991,4941,radiant,24488.0,23528.0,18415.0,16671.0,15439.0,15490.0,9499.0,9640.0,9565.0,7804.0
426,20732,17484,12108,11513,8573,21790,18115,17658,13730,11906,-1058,-631,-5550,-2217,-3333,-12789,dire,21008.0,20160.0,17335.0,18222.0,12120.0,17446.0,11488.0,13075.0,8793.0,11362.0
427,22782,19475,18008,13458,10025,21825,19574,16724,13897,10750,957,-99,1284,-439,-725,978,dire,22181.0,21940.0,19035.0,19353.0,17895.0,16716.0,13708.0,14309.0,10242.0,10855.0
428,24982,17445,16355,10605,8990,29106,17123,17307,12781,10802,-4124,322,-952,-2176,-1812,-8742,dire,24186.0,27787.0,17224.0,16812.0,15879.0,16722.0,10466.0,12253.0,8370.0,10513.0
429,22224,21960,20432,14950,13432,18133,14561,14308,12306,10615,4091,7399,6124,2644,2817,23075,radiant,21778.0,18378.0,20992.0,14850.0,19516.0,14547.0,13570.0,12529.0,12835.0,10852.0
430,20637,17190,18449,13841,12270,21629,19650,17006,13287,10091,-992,-2460,1443,554,2179,724,radiant,21054.0,21203.0,17185.0,18735.0,18513.0,16889.0,14115.0,12770.0,12016.0,9933.0
431,17387,15019,14314,9498,7235,25920,20911,19578,13278,10760,-8533,-5892,-5264,-3780,-3525,-26994,dire,17614.0,24910.0,14641.0,20072.0,14338.0,18960.0,9053.0,12627.0,7084.0,10218.0
432,23381,17083,15785,8891,7376,22458,17263,15403,9692,9671,923,-180,382,-801,-2295,-1971,dire,23242.0,22200.0,17267.0,17225.0,15576.0,15694.0,8776.0,9924.0,7495.0,9873.0
433,20519,21442,18807,13815,12583,19017,18940,17671,16268,13021,1502,2502,1136,-2453,-438,2249,radiant,21103.0,18996.0,21056.0,18846.0,19068.0,17882.0,13149.0,16570.0,12888.0,13139.0
434,18480,15845,13734,9416,9092,22560,18383,14868,13674,10055,-4080,-2538,-1134,-4258,-963,-12973,dire,18222.0,22514.0,16195.0,18170.0,13270.0,15020.0,8994.0,13882.0,9224.0,10197.0
435,21509,19767,16533,15244,11798,24811,19178,16807,15849,13634,-3302,589,-274,-605,-1836,-5428,dire,20450.0,25489.0,18990.0,18629.0,16653.0,16838.0,14247.0,15239.0,11081.0,13413.0
436,25610,17294,15246,17885,11401,26028,18909,18761,15028,12826,-418,-1615,-3515,2857,-1425,-4116,radiant,24980.0,25462.0,16720.0,18760.0,14968.0,18626.0,17402.0,14897.0,10926.0,12680.0
437,21423,21093,16081,12763,12038,22521,16017,13678,9300,7588,-1098,5076,2403,3463,4450,14294,radiant,21161.0,22404.0,20881.0,16305.0,15949.0,13975.0,12870.0,9506.0,12180.0,7761.0
438,21927,16439,14666,9564,7960,22770,17811,14971,11288,10355,-843,-1372,-305,-1724,-2395,-6639,dire,22309.0,22784.0,16487.0,18155.0,14459.0,15268.0,9459.0,11360.0,7979.0,10647.0
439,21808,16652,13956,9433,9205,24921,21301,17996,13362,12308,-3113,-4649,-4040,-3929,-3103,-18834,dire,21472.0,24093.0,16822.0,21166.0,14017.0,18019.0,9605.0,13224.0,9228.0,12208.0
440,20061,20944,18485,16266,12941,21631,18522,16919,12001,12029,-1570,2422,1566,4265,912,7595,dire,20118.0,21434.0,21447.0,17615.0,19138.0,16644.0,16559.0,11008.0,13265.0,11592.0
441,19864,18722,17689,12644,12605,23414,23960,21339,11647,11037,-3550,-5238,-3650,997,1568,-9873,dire,19302.0,22218.0,18648.0,22667.0,18249.0,20322.0,12584.0,11038.0,12718.0,10387.0
442,23446,20631,15022,8502,8294,27414,23017,17921,12858,11642,-3968,-2386,-2899,-4356,-3348,-16957,dire,23529.0,27415.0,20844.0,22997.0,14885.0,18076.0,8807.0,13168.0,8477.0,11684.0
443,20665,18301,18758,13060,8209,21334,20560,16569,13519,10584,-669,-2259,2189,-459,-2375,-3573,dire,18959.0,20085.0,16598.0,20429.0,18271.0,15936.0,11846.0,12856.0,7549.0,10210.0
444,21438,17412,10943,11561,10234,20619,22130,14712,7116,7535,819,-4718,-3769,4445,2699,-524,dire,20753.0,20259.0,17319.0,22449.0,10859.0,14474.0,11531.0,7190.0,10287.0,7619.0
445,19734,20050,15437,10606,7904,26771,20595,16320,10741,9123,-7037,-545,-883,-135,-1219,-9819,dire,20117.0,26519.0,19189.0,20844.0,15082.0,15925.0,10971.0,10658.0,8119.0,9182.0
446,20632,17117,15594,11148,9917,27787,17449,17501,15920,12140,-7155,-332,-1907,-4772,-2223,-16389,dire,20219.0,27261.0,17065.0,17166.0,15610.0,17368.0,10493.0,15542.0,9976.0,12096.0
447,20783,19384,17061,13009,9381,23451,21449,13195,12321,8728,-2668,-2065,3866,688,653,474,dire,20765.0,22680.0,19373.0,21439.0,16604.0,12856.0,13214.0,12546.0,9462.0,8652.0
448,28516,17440,13450,10567,11143,20659,16964,15062,17278,9686,7857,476,-1612,-6711,1457,1467,radiant,28897.0,19559.0,17665.0,16484.0,13363.0,14676.0,10644.0,16053.0,11261.0,9151.0
449,15850,15308,10413,14374,10524,23731,20393,16342,12359,10815,-7881,-5085,-5929,2015,-291,-17171,dire,15580.0,23757.0,15431.0,20283.0,9862.0,16156.0,14441.0,11995.0,10584.0,10966.0
450,22837,21519,20457,15958,15230,23598,19121,15380,14729,9413,-761,2398,5077,1229,5817,13760,radiant,21318.0,24038.0,20284.0,18182.0,19983.0,15662.0,15095.0,15130.0,14153.0,9636.0
451,20952,21111,15438,14177,10574,20200,20462,15541,9065,8516,752,649,-103,5112,2058,8468,radiant,20923.0,19836.0,20796.0,20473.0,15204.0,15012.0,13853.0,9153.0,10418.0,8445.0
452,20616,21745,19438,12430,13541,20789,16669,16440,11251,9561,-173,5076,2998,1179,3980,13060,radiant,19965.0,20994.0,20317.0,16529.0,18916.0,16533.0,11637.0,11276.0,12627.0,9241.0
453,23941,21195,22190,12906,11254,24480,20654,16377,10160,9556,-539,541,5813,2746,1698,10259,radiant,23328.0,24078.0,21205.0,19392.0,22175.0,16112.0,12865.0,9708.0,11145.0,9155.0
454,23089,21862,20564,10721,10881,21463,20356,13771,8720,9601,1626,1506,6793,2001,1280,13206,radiant,22386.0,21449.0,20721.0,20563.0,20378.0,14040.0,10363.0,8939.0,10581.0,9777.0
455,27969,18182,16465,13912,13198,23309,19528,13665,14459,14448,4660,-1346,2800,-547,-1250,4317,dire,26740.0,23399.0,17532.0,19187.0,16445.0,13834.0,12862.0,14769.0,12961.0,14610.0
456,20984,19431,14178,10148,8352,24874,18132,15738,11507,9666,-3890,1299,-1560,-1359,-1314,-6824,dire,20571.0,24439.0,19074.0,17525.0,14056.0,15348.0,10375.0,11302.0,8586.0,9598.0
457,18706,14619,15690,11134,9598,20096,17482,16979,9172,8763,-1390,-2863,-1289,1962,835,-2745,dire,18708.0,19492.0,14725.0,17030.0,15636.0,17147.0,11190.0,9016.0,9557.0,8591.0
458,23422,14573,13002,13684,11544,23112,22946,17979,13138,11481,310,-8373,-4977,546,63,-12431,dire,23731.0,22744.0,14469.0,22915.0,13033.0,17938.0,13754.0,13030.0,11719.0,11452.0
459,27861,21806,19956,11135,10653,24690,21811,16626,9651,10058,3171,-5,3330,1484,595,8575,radiant,27687.0,23527.0,21877.0,21299.0,19994.0,16699.0,11182.0,9740.0,10706.0,10143.0
460,24660,19672,16916,11933,10357,26143,20220,19221,14137,12017,-1483,-548,-2305,-2204,-1660,-8200,radiant,23910.0,26300.0,19822.0,20711.0,16380.0,19341.0,12071.0,14010.0,10373.0,12189.0
461,22781,20020,16588,10207,9120,22740,21149,18790,13275,10616,41,-1129,-2202,-3068,-1496,-7854,dire,22353.0,22900.0,20052.0,20866.0,16785.0,18419.0,9980.0,13113.0,9108.0,10596.0
