,rad_pos1_last_gold,rad_pos2_last_gold,rad_pos3_last_gold,rad_pos4_last_gold,rad_pos5_last_gold,dire_pos1_last_gold,dire_pos2_last_gold,dire_pos3_last_gold,dire_pos4_last_gold,dire_pos5_last_gold,pos1_diff,pos2_diff,pos3_diff,pos4_diff,pos5_diff,team_diff,winner,rad_pos1_last_gold,dire_pos1_last_gold,rad_pos2_last_gold,dire_pos2_last_gold,rad_pos3_last_gold,dire_pos3_last_gold,rad_pos4_last_gold,dire_pos4_last_gold,rad_pos5_last_gold,dire_pos5_last_gold
0,15204,19010,15842,6852,6428,19709,20270,15431,9569,8651,-4505,-1260,411,-2717,-2223,-10294,radiant,15104.0,19578.0,19063.0,20099.0,16022.0,15602.0,6947.0,9467.0,6602.0,8814.0
1,18107,14644,13464,9291,7567,20010,17717,13749,10728,9513,-1903,-3073,-285,-1437,-1946,-8644,dire,18155.0,19716.0,14831.0,16455.0,13401.0,12879.0,9209.0,10539.0,7618.0,9064.0
2,21251,15468,13644,8225,7639,19405,16447,13682,11575,5774,1846,-979,-38,-3350,1865,-656,radiant,21487.0,19501.0,15477.0,16902.0,13551.0,13566.0,8349.0,11373.0,7553.0,5995.0
3,20325,15813,12849,9130,7828,18901,15242,13762,13461,8151,1424,571,-913,-4331,-323,-3572,radiant,18650.0,17884.0,15327.0,15141.0,12574.0,14008.0,8465.0,13509.0,7906.0,8110.0
4,22256,21293,13053,8909,6386,16911,16111,14575,10410,7397,5345,5182,-1522,-1501,-1011,6493,radiant,21277.0,17416.0,20735.0,16615.0,12558.0,15085.0,8244.0,10592.0,6204.0,7643.0
5,16513,13975,12082,7992,7221,15425,15128,16071,9408,8399,1088,-1153,-3989,-1416,-1178,-6648,dire,16878.0,15674.0,14257.0,13840.0,11428.0,15101.0,7535.0,9804.0,7174.0,8133.0
6,22012,19140,14079,8819,7298,18834,17628,15092,11111,6308,3178,1512,-1013,-2292,990,2375,radiant,21747.0,18903.0,19153.0,17622.0,14095.0,14993.0,9065.0,11301.0,7580.0,6340.0
7,23177,15455,12063,11286,10455,17238,16776,11691,8707,8230,5939,-1321,372,2579,2225,9794,radiant,22063.0,16469.0,15542.0,16496.0,11578.0,11856.0,10255.0,8910.0,10167.0,8060.0
8,19368,16522,13152,12177,7715,15257,15282,13617,10090,9024,4111,1240,-465,2087,-1309,5664,radiant,19226.0,15095.0,16818.0,14225.0,13532.0,13800.0,12641.0,10023.0,8011.0,9300.0
9,18626,16410,13729,8705,8419,21327,13614,13686,10665,9785,-2701,2796,43,-1960,-1366,-3188,dire,17921.0,20372.0,16156.0,13469.0,13328.0,13212.0,8392.0,10318.0,8533.0,9184.0
10,15661,13167,11202,7959,5478,17676,15710,12003,9257,7404,-2015,-2543,-801,-1298,-1926,-8583,radiant,16157.0,17215.0,13068.0,16064.0,11493.0,11962.0,8075.0,9353.0,5681.0,7416.0
11,20104,19278,16005,11387,9348,21708,15246,13060,9840,6886,-1604,4032,2945,1547,2462,9382,radiant,19692.0,21676.0,18804.0,15574.0,15574.0,12948.0,11288.0,9580.0,9332.0,6944.0
12,17601,16322,12081,9127,7577,16148,14097,13146,7968,5834,1453,2225,-1065,1159,1743,5515,dire,17572.0,16071.0,16400.0,14420.0,12158.0,13326.0,9096.0,8129.0,7791.0,5998.0
13,15516,14801,14215,9116,7773,19625,18570,15610,15535,9211,-4109,-3769,-1395,-6419,-1438,-17130,dire,15437.0,19078.0,15134.0,18327.0,13425.0,16214.0,8696.0,15636.0,7739.0,9129.0
14,15647,14116,13085,9996,8799,20986,14743,14971,9367,9081,-5339,-627,-1886,629,-282,-7505,dire,15890.0,21177.0,14124.0,14534.0,13414.0,14917.0,10085.0,9620.0,8976.0,9299.0
15,16322,13925,15320,9960,8025,19427,19416,15264,10113,8153,-3105,-5491,56,-153,-128,-8821,dire,16649.0,18448.0,13977.0,19420.0,15317.0,14728.0,10207.0,9750.0,8263.0,7845.0
16,15667,12661,11714,7535,7228,22183,16791,13504,8854,7378,-6516,-4130,-1790,-1319,-150,-13905,dire,16104.0,21800.0,12926.0,17059.0,11617.0,12958.0,7752.0,9011.0,7510.0,7418.0
17,16110,13175,12678,8660,8945,17286,16799,16570,9926,8196,-1176,-3624,-3892,-1266,749,-9209,radiant,16178.0,17376.0,12922.0,17045.0,11703.0,17036.0,8479.0,10308.0,8801.0,7955.0
18,16309,14313,11350,8335,7457,21719,19720,16644,10770,9052,-5410,-5407,-5294,-2435,-1595,-20141,dire,16082.0,21470.0,14223.0,19756.0,11563.0,16685.0,7997.0,10984.0,7470.0,9236.0
19,14944,16013,13201,8979,7928,18064,13904,14559,7624,6476,-3120,2109,-1358,1355,1452,438,dire,15186.0,18033.0,16263.0,13408.0,13287.0,14672.0,8952.0,7633.0,7704.0,6752.0
20,18608,17241,14963,9906,7380,18152,19505,13047,7164,7658,456,-2264,1916,2742,-278,2572,radiant,18733.0,17786.0,17689.0,19018.0,15375.0,12485.0,10004.0,7180.0,7626.0,7706.0
21,19643,13742,10746,12469,8437,15995,15446,12903,9266,7304,3648,-1704,-2157,3203,1133,4123,radiant,19573.0,16038.0,13835.0,15695.0,11022.0,13185.0,12664.0,9399.0,8591.0,7454.0
22,16509,9931,9590,8747,8288,19889,15194,13459,8414,8820,-3380,-5263,-3869,333,-532,-12711,dire,17006.0,19226.0,10032.0,15422.0,9613.0,13661.0,8564.0,8714.0,8386.0,8830.0
23,19118,18252,16374,8886,8250,14646,14147,10050,9091,8533,4472,4105,6324,-205,-283,14413,radiant,19102.0,14602.0,18006.0,14208.0,16193.0,10381.0,8979.0,9344.0,8342.0,8702.0
24,20072,15969,12705,9420,8829,17321,16543,15224,9639,8346,2751,-574,-2519,-219,483,-78,dire,19459.0,17115.0,15491.0,16498.0,12647.0,15607.0,9527.0,9962.0,8893.0,8526.0
25,19646,15331,10801,8023,7531,19235,17856,11993,8917,9261,411,-2525,-1192,-894,-1730,-5930,radiant,19659.0,18896.0,15399.0,18154.0,10745.0,11771.0,8063.0,8976.0,7301.0,9463.0
26,18451,15000,9827,7747,7142,21517,15396,14160,9237,8495,-3066,-396,-4333,-1490,-1353,-10638,dire,17268.0,21591.0,14480.0,15277.0,9798.0,14386.0,7632.0,9459.0,6940.0,8629.0
27,21880,13503,11952,10017,8037,18463,14818,13326,9239,8639,3417,-1315,-1374,778,-602,904,radiant,20977.0,18449.0,13249.0,15171.0,11533.0,13315.0,9919.0,9148.0,7814.0,8544.0
28,13134,15465,12838,8668,11995,19099,17794,13647,11753,10771,-5965,-2329,-809,-3085,1224,-10964,dire,13166.0,18685.0,15666.0,17705.0,12733.0,14042.0,8357.0,11830.0,12246.0,10531.0
29,16125,15354,14686,12576,8319,19500,17592,14502,10980,11139,-3375,-2238,184,1596,-2820,-6653,dire,15964.0,20257.0,15799.0,17527.0,13776.0,14495.0,11910.0,11311.0,8380.0,11446.0
30,17854,15636,10686,9075,11224,19225,20029,13924,8797,6302,-1371,-4393,-3238,278,4922,-3802,radiant,18256.0,18602.0,15562.0,18854.0,10941.0,13309.0,9124.0,7999.0,11057.0,6212.0
31,15003,14449,13437,11171,7545,19868,16614,14178,9025,8621,-4865,-2165,-741,2146,-1076,-6701,dire,14645.0,20569.0,14177.0,16576.0,13223.0,14413.0,11192.0,9401.0,7695.0,8727.0
32,14270,13137,14165,6580,5373,17925,16614,16534,9497,6959,-3655,-3477,-2369,-2917,-1586,-14004,dire,14137.0,17767.0,13126.0,16456.0,14170.0,16515.0,6794.0,9586.0,5358.0,7204.0
33,19798,14380,12624,7525,6918,19839,18487,17351,10323,9857,-41,-4107,-4727,-2798,-2939,-14612,dire,19294.0,20205.0,14147.0,18743.0,12712.0,17252.0,7268.0,10541.0,6921.0,10093.0
34,23034,17545,13946,12648,9615,14691,13274,13016,9469,7781,8343,4271,930,3179,1834,18557,radiant,21277.0,14826.0,17120.0,13529.0,13547.0,13309.0,12239.0,9311.0,9205.0,7937.0
35,17561,16761,14438,8628,5965,22662,18832,15798,12446,10440,-5101,-2071,-1360,-3818,-4475,-16825,dire,17541.0,22093.0,16289.0,19541.0,13947.0,16236.0,8518.0,12751.0,5917.0,10720.0
36,17072,14696,8865,7269,5905,15279,15335,12063,9207,7520,1793,-639,-3198,-1938,-1615,-5597,dire,17084.0,15324.0,14175.0,15131.0,8884.0,12123.0,7474.0,9369.0,6149.0,7693.0
37,20706,13296,11952,8748,7037,14245,15838,14292,8329,8613,6461,-2542,-2340,419,-1576,422,radiant,20758.0,13994.0,13357.0,15719.0,11953.0,14608.0,8716.0,8490.0,7175.0,8728.0
38,22686,18972,15856,11537,10392,15504,13001,12517,6528,6027,7182,5971,3339,5009,4365,25866,radiant,21938.0,14978.0,17367.0,12673.0,15197.0,12814.0,10922.0,6737.0,9526.0,6210.0
39,25228,15651,14008,9739,8454,17027,12599,12459,7994,7264,8201,3052,1549,1745,1190,15737,radiant,24703.0,16931.0,15339.0,12758.0,13784.0,12423.0,8891.0,8029.0,8411.0,7321.0
40,19535,17236,16188,9228,8623,21519,15490,12527,9769,10183,-1984,1746,3661,-541,-1560,1322,radiant,18691.0,20875.0,15908.0,15580.0,15711.0,12342.0,8668.0,9693.0,8498.0,10309.0
41,17854,17381,14985,11616,7242,17398,16584,16979,12098,8883,456,797,-1994,-482,-1641,-2864,dire,17920.0,16466.0,17684.0,16708.0,15323.0,15508.0,11751.0,12116.0,7214.0,8296.0
42,21898,17022,15544,8660,8152,17800,15136,13727,8670,6724,4098,1886,1817,-10,1428,9219,radiant,20694.0,17920.0,16574.0,15414.0,15186.0,13889.0,8386.0,8891.0,8191.0,6766.0
43,13459,12904,11241,9268,5870,18808,19104,16198,16175,12298,-5349,-6200,-4957,-6907,-6428,-29841,dire,12936.0,18969.0,12470.0,18873.0,11401.0,16033.0,9261.0,16486.0,5956.0,11804.0
44,16590,15114,15400,8815,8319,17712,17447,14418,12999,9892,-1122,-2333,982,-4184,-1573,-8230,dire,16535.0,17991.0,14832.0,17215.0,15541.0,14362.0,8970.0,13224.0,8629.0,10168.0
45,15009,15563,12141,12754,9256,18850,13586,14218,9045,9968,-3841,1977,-2077,3709,-712,-944,dire,15135.0,18843.0,16005.0,13335.0,12091.0,14591.0,12522.0,9207.0,9448.0,10314.0
46,20994,15770,14996,10230,8600,20527,16655,15660,13369,8253,467,-885,-664,-3139,347,-3874,dire,21539.0,21121.0,15626.0,15521.0,15033.0,15003.0,10173.0,11897.0,8805.0,7914.0
47,14837,16704,14898,10559,8591,18416,15085,13582,7624,7312,-3579,1619,1316,2935,1279,3570,radiant,14587.0,18788.0,16741.0,14655.0,14636.0,13347.0,10546.0,7492.0,8623.0,7278.0
48,19849,17246,16121,8804,7248,20479,17743,14502,9839,9755,-630,-497,1619,-1035,-2507,-3050,dire,19231.0,20210.0,17501.0,17830.0,16444.0,14565.0,8834.0,9874.0,7441.0,9831.0
49,19057,15566,13040,9227,6736,16974,11345,13228,9422,7662,2083,4221,-188,-195,-926,4995,dire,18836.0,17233.0,15538.0,11464.0,12882.0,13431.0,9393.0,9185.0,6444.0,7772.0
50,14680,16032,12102,7407,6041,16765,16412,13244,11943,11688,-2085,-380,-1142,-4536,-5647,-13790,dire,14952.0,16664.0,16533.0,16472.0,12262.0,13211.0,7633.0,11831.0,6239.0,11123.0
51,15298,15183,12731,9688,8349,17062,16639,15622,8945,8761,-1764,-1456,-2891,743,-412,-5780,dire,15175.0,17334.0,14994.0,16655.0,12656.0,15979.0,9664.0,9004.0,8225.0,8952.0
52,17006,14596,11669,9697,8763,21627,17885,16109,9662,9196,-4621,-3289,-4440,35,-433,-12748,dire,16963.0,21445.0,14097.0,18065.0,11693.0,16423.0,9840.0,9827.0,8553.0,9249.0
53,18051,15244,14919,7320,7404,18515,16966,15750,8269,6696,-464,-1722,-831,-949,708,-3258,radiant,18286.0,18252.0,15441.0,17082.0,15284.0,15785.0,7533.0,8438.0,7413.0,6816.0
54,26902,19338,14207,11837,10174,15672,15986,13769,8179,7463,11230,3352,438,3658,2711,21389,radiant,26896.0,15910.0,18725.0,16208.0,14083.0,13565.0,11766.0,8262.0,10319.0,7481.0
55,14824,15051,14077,8387,5584,21149,15571,12999,9288,7822,-6325,-520,1078,-901,-2238,-8906,dire,13560.0,21126.0,14947.0,15598.0,13831.0,13040.0,8399.0,8902.0,5387.0,7236.0
56,20940,16631,15871,10166,8817,18977,16642,16134,9570,7068,1963,-11,-263,596,1749,4034,radiant,19856.0,18834.0,15783.0,16792.0,15761.0,16241.0,9965.0,9543.0,8350.0,7196.0
57,24730,13981,13641,12619,9643,12921,12899,11996,7915,7691,11809,1082,1645,4704,1952,21192,radiant,24562.0,13235.0,13791.0,13235.0,13627.0,12221.0,12234.0,8102.0,9608.0,7921.0
58,22333,20989,15990,12292,10690,13744,11491,9881,7204,5448,8589,9498,6109,5088,5242,34526,radiant,21183.0,13998.0,20037.0,11577.0,14722.0,10057.0,11879.0,7168.0,9888.0,5500.0
59,18150,12087,13205,7516,7397,20063,13037,12735,8321,9605,-1913,-950,470,-805,-2208,-5406,dire,18101.0,19769.0,11968.0,12986.0,12961.0,12659.0,7334.0,8239.0,6939.0,9720.0
60,16200,13300,13417,7452,7026,22979,16307,12934,12538,10237,-6779,-3007,483,-5086,-3211,-17600,dire,16269.0,20911.0,13578.0,15880.0,13751.0,12368.0,7679.0,12070.0,7183.0,9642.0
61,13555,13871,13865,12107,7861,24581,19621,14364,10569,8150,-11026,-5750,-499,1538,-289,-16026,dire,13234.0,24546.0,13960.0,19573.0,13991.0,14473.0,12077.0,10643.0,8049.0,8223.0
62,17981,15093,11539,12639,7363,21722,18618,15274,12649,8784,-3741,-3525,-3735,-10,-1421,-12432,dire,17523.0,22285.0,13981.0,18991.0,11637.0,15739.0,12978.0,13153.0,7020.0,9148.0
63,18437,17704,15642,10579,7214,17501,15406,14590,13131,6963,936,2298,1052,-2552,251,1985,dire,18491.0,17372.0,17885.0,15529.0,15691.0,14532.0,10551.0,13152.0,7340.0,7083.0
64,18403,15073,13043,10856,9553,17690,16556,14963,13262,13700,713,-1483,-1920,-2406,-4147,-9243,dire,18234.0,17763.0,14229.0,16342.0,12891.0,14757.0,10998.0,13244.0,9558.0,14051.0
65,18010,14685,11345,8520,8829,15174,15576,13711,10741,7207,2836,-891,-2366,-2221,1622,-1020,dire,17706.0,15133.0,14757.0,15868.0,10677.0,13854.0,8698.0,10597.0,8714.0,7341.0
66,18115,15814,11591,8067,7787,17573,14164,13994,8827,8974,542,1650,-2403,-760,-1187,-2158,dire,18093.0,17101.0,16331.0,14178.0,11859.0,13484.0,8356.0,8536.0,7975.0,8548.0
67,22408,18964,19282,13632,11385,19623,17274,14924,7775,10674,2785,1690,4358,5857,711,15401,radiant,22109.0,19895.0,19104.0,17530.0,18990.0,14756.0,13934.0,7989.0,11588.0,10824.0
68,24452,16812,16788,8177,8165,19850,15739,14552,8710,6793,4602,1073,2236,-533,1372,8750,radiant,24331.0,20017.0,16853.0,15602.0,16628.0,14679.0,8296.0,8609.0,8204.0,6815.0
69,21846,16083,12955,9660,7393,13758,10643,11284,10537,6624,8088,5440,1671,-877,769,15091,radiant,21089.0,13712.0,16200.0,11031.0,13130.0,11570.0,9598.0,10820.0,7659.0,6844.0
70,17433,18407,16251,10946,9821,18161,16841,10248,7531,6937,-728,1566,6003,3415,2884,13140,radiant,17455.0,18612.0,18240.0,16156.0,15828.0,9998.0,10078.0,7680.0,9820.0,6814.0
71,21695,15445,13373,11399,8228,21461,14745,13113,9520,8239,234,700,260,1879,-11,3062,radiant,21456.0,21568.0,15285.0,15127.0,13160.0,13473.0,11245.0,9503.0,8086.0,8490.0
72,11832,10789,10716,7545,6076,19645,18807,15420,12357,10821,-7813,-8018,-4704,-4812,-4745,-30092,dire,11926.0,19189.0,11018.0,18070.0,10730.0,15159.0,7768.0,12096.0,6297.0,10441.0
73,18942,14286,12929,10650,10154,16328,16802,11764,9338,8368,2614,-2516,1165,1312,1786,4361,radiant,18867.0,16418.0,14225.0,16781.0,12950.0,12046.0,10526.0,9272.0,10165.0,8527.0
74,19384,16632,16440,9238,6353,26323,18208,17172,8553,6735,-6939,-1576,-732,685,-382,-8944,dire,18259.0,24736.0,16796.0,17235.0,16585.0,15697.0,8932.0,8117.0,6187.0,6479.0
75,22524,16457,10076,12649,7768,22629,17222,15036,8195,6370,-105,-765,-4960,4454,1398,22,dire,23131.0,22268.0,16943.0,16977.0,10439.0,14538.0,13038.0,8292.0,8114.0,6443.0
76,19014,13782,13311,8634,7346,24240,18194,13378,6746,6313,-5226,-4412,-67,1888,1033,-6784,dire,18764.0,23518.0,13322.0,17927.0,13160.0,13282.0,8574.0,6587.0,7565.0,6249.0
77,16028,17719,12033,7857,7473,18180,16783,15788,7387,8084,-2152,936,-3755,470,-611,-5112,radiant,15625.0,17576.0,17095.0,16651.0,11870.0,15588.0,7563.0,7357.0,7346.0,7890.0
78,16026,13038,13463,7479,6941,16060,15588,14766,10356,8916,-34,-2550,-1303,-2877,-1975,-8739,dire,15700.0,15873.0,12883.0,15424.0,13335.0,14708.0,7375.0,10566.0,7060.0,9059.0
79,14564,13442,8977,5306,5136,24092,16016,14395,12882,10374,-9528,-2574,-5418,-7576,-5238,-30334,dire,15094.0,22087.0,13392.0,15471.0,9237.0,13511.0,5481.0,12089.0,5253.0,9474.0
80,25683,17735,14801,10685,10773,20501,13618,12117,8124,7829,5182,4117,2684,2561,2944,17488,radiant,25137.0,20888.0,16990.0,13348.0,14548.0,12404.0,9940.0,8351.0,10393.0,8026.0
81,13847,15469,15123,9227,9235,16688,13957,13194,11207,8451,-2841,1512,1929,-1980,784,-596,radiant,13933.0,16137.0,15340.0,13808.0,14844.0,12788.0,9576.0,10950.0,9285.0,8625.0
82,20758,15694,15444,8032,7332,16639,17918,14696,9882,10093,4119,-2224,748,-1850,-2761,-1968,radiant,19155.0,16575.0,15374.0,18125.0,14352.0,14730.0,7524.0,9739.0,6993.0,10093.0
83,13938,12265,12118,6471,5576,19215,16683,14655,11163,8600,-5277,-4418,-2537,-4692,-3024,-19948,dire,13617.0,18709.0,12034.0,16311.0,12311.0,14093.0,6625.0,10966.0,5757.0,8335.0
84,17808,13802,11328,6725,6596,18680,13162,13457,8621,6990,-872,640,-2129,-1896,-394,-4651,dire,17789.0,18677.0,13636.0,13236.0,11490.0,13057.0,6836.0,8662.0,6328.0,6963.0
85,14959,15742,14168,7021,9107,17228,15932,14092,13711,8767,-2269,-190,76,-6690,340,-8733,radiant,14823.0,16483.0,15978.0,14915.0,13778.0,14296.0,7086.0,13222.0,9158.0,8517.0
86,22286,12830,13496,7856,8394,20735,14221,13677,9168,6933,1551,-1391,-181,-1312,1461,128,radiant,22785.0,20046.0,13237.0,13888.0,13903.0,13374.0,8156.0,9262.0,8475.0,6845.0
87,26097,12630,13225,9398,7421,20400,18156,15291,9117,9986,5697,-5526,-2066,281,-2565,-4179,dire,25661.0,20197.0,12927.0,18015.0,13182.0,15447.0,9736.0,9109.0,7656.0,10101.0
88,15939,16889,15717,8097,7309,16600,18662,13325,13902,10055,-661,-1773,2392,-5805,-2746,-8593,radiant,15494.0,16421.0,16846.0,18880.0,15457.0,13412.0,8286.0,13752.0,7447.0,10311.0
89,21414,14399,15217,9945,10181,18465,14315,15234,9271,6266,2949,84,-17,674,3915,7605,radiant,21013.0,18405.0,14517.0,14538.0,15284.0,14970.0,9898.0,9277.0,10339.0,6379.0
90,19333,16971,17035,12595,12333,16484,16236,11299,9754,7491,2849,735,5736,2841,4842,17003,radiant,18083.0,16692.0,16303.0,16081.0,15862.0,11310.0,12139.0,9867.0,11565.0,7604.0
91,14927,14566,12539,8452,6437,18241,17394,16161,10220,6668,-3314,-2828,-3622,-1768,-231,-11763,dire,13975.0,18339.0,13642.0,17578.0,12217.0,15787.0,8118.0,9889.0,6034.0,6636.0
92,13283,12239,10585,7163,8782,17702,16197,13389,8393,6946,-4419,-3958,-2804,-1230,1836,-10575,dire,13344.0,17519.0,12358.0,16132.0,10649.0,13107.0,7450.0,8491.0,9023.0,7147.0
93,17289,15927,13168,7472,6509,20337,13752,12340,10439,9599,-3048,2175,828,-2967,-3090,-6102,radiant,17057.0,19475.0,15611.0,13559.0,12656.0,12125.0,7561.0,10277.0,6601.0,9349.0
94,17224,18673,15277,8786,8455,16682,14175,14685,9120,7744,542,4498,592,-334,711,6009,radiant,17370.0,16519.0,18444.0,13305.0,15500.0,14513.0,8986.0,9196.0,8750.0,7597.0
95,16466,17165,16792,10182,8606,15761,16919,15322,8445,7080,705,246,1470,1737,1526,5684,radiant,15911.0,15939.0,17312.0,16675.0,16547.0,15312.0,10408.0,8455.0,8638.0,7244.0
96,18936,14997,14055,8621,7352,15649,15037,12269,10285,8726,3287,-40,1786,-1664,-1374,1995,dire,18691.0,15497.0,14949.0,15113.0,14111.0,12352.0,8721.0,10132.0,7271.0,8998.0
97,17873,15701,13741,8499,8257,21337,14983,14470,8468,7985,-3464,718,-729,31,272,-3172,dire,18359.0,20790.0,15902.0,14640.0,13781.0,13812.0,8604.0,7968.0,8428.0,7714.0
98,17499,14444,13603,8181,6990,22649,15837,14044,8618,8724,-5150,-1393,-441,-437,-1734,-9155,dire,16970.0,22198.0,14487.0,15717.0,13093.0,13766.0,8236.0,8445.0,6849.0,8746.0
99,15021,11968,12772,7622,8139,20406,14961,16573,9562,10498,-5385,-2993,-3801,-1940,-2359,-16478,dire,15075.0,20310.0,12095.0,14892.0,12848.0,16592.0,7863.0,9621.0,8360.0,10722.0
100,20417,17377,14396,8723,8693,15777,15606,13036,7445,6695,4640,1771,1360,1278,1998,11047,radiant,20067.0,15841.0,17494.0,15768.0,14762.0,12765.0,9039.0,7605.0,9027.0,6939.0
101,24899,14621,14361,9193,7661,15595,13889,12908,7662,6556,9304,732,1453,1531,1105,14125,radiant,24836.0,15213.0,14351.0,14089.0,14349.0,12809.0,9127.0,7915.0,7776.0,6702.0
102,17492,13528,12726,8733,7144,18162,11533,14106,10393,6096,-670,1995,-1380,-1660,1048,-667,dire,17572.0,17352.0,13717.0,10816.0,12855.0,12719.0,8841.0,10184.0,6988.0,5631.0
103,19760,13124,14087,9497,10428,16335,14201,14455,9491,6609,3425,-1077,-368,6,3819,5805,radiant,19427.0,16673.0,13157.0,14528.0,14075.0,14772.0,9190.0,9738.0,10336.0,6879.0
104,17146,17483,12703,10181,7501,18520,17926,16856,14285,10349,-1374,-443,-4153,-4104,-2848,-12922,dire,15699.0,18588.0,16364.0,17991.0,11948.0,17233.0,9607.0,14478.0,6985.0,10465.0
105,16960,15107,12486,10706,10385,16601,12693,12150,9887,7477,359,2414,336,819,2908,6836,radiant,16883.0,16213.0,14881.0,12364.0,12619.0,12532.0,10804.0,10093.0,10407.0,7640.0
106,13112,11870,12550,9255,7234,20493,11318,12493,12425,8665,-7381,552,57,-3170,-1431,-11373,dire,13025.0,20486.0,12027.0,11176.0,12817.0,12238.0,9351.0,12335.0,7168.0,8601.0
107,15353,15522,12247,8689,8136,17081,13530,11969,9982,6878,-1728,1992,278,-1293,1258,507,radiant,15130.0,16939.0,15361.0,13324.0,12411.0,11872.0,8583.0,9912.0,7865.0,6691.0
108,20145,15655,14235,10941,9765,15294,13184,15142,12018,10259,4851,2471,-907,-1077,-494,4844,dire,19749.0,15163.0,15119.0,13241.0,14150.0,15083.0,11014.0,11600.0,9690.0,10181.0
109,15916,14740,13721,7917,8228,22505,16312,15564,10304,7977,-6589,-1572,-1843,-2387,251,-12140,dire,15821.0,22496.0,14825.0,16138.0,13837.0,15625.0,8168.0,10434.0,8390.0,7780.0
110,18807,13983,12165,10554,10153,19710,17018,15599,10043,8252,-903,-3035,-3434,511,1901,-4960,radiant,19470.0,19866.0,14272.0,16994.0,12436.0,15466.0,10816.0,9995.0,10414.0,8264.0
111,15556,13432,8930,6755,6340,25017,16167,14230,7638,6799,-9461,-2735,-5300,-883,-459,-18838,dire,15662.0,23912.0,13144.0,15604.0,9100.0,13763.0,6853.0,6491.0,6452.0,6285.0
112,16124,16748,12965,11238,8736,17836,13880,12378,9697,9556,-1712,2868,587,1541,-820,2464,radiant,16170.0,18146.0,16881.0,13805.0,13316.0,12477.0,11387.0,9679.0,8851.0,9546.0
113,22803,16558,16258,10942,10635,12547,13652,12598,7201,7319,10256,2906,3660,3741,3316,23879,radiant,22638.0,12553.0,16474.0,13112.0,15882.0,12579.0,10757.0,7451.0,10288.0,7587.0
114,18066,16517,14941,10004,8348,19546,18290,17363,11163,9616,-1480,-1773,-2422,-1159,-1268,-8102,dire,18685.0,19322.0,16327.0,17604.0,15138.0,16953.0,10127.0,11092.0,8484.0,8929.0
115,19288,12105,11026,7811,7978,17111,15852,14691,9828,8023,2177,-3747,-3665,-2017,-45,-7297,dire,19318.0,17267.0,12028.0,15367.0,10943.0,14439.0,7845.0,9785.0,8114.0,7904.0
116,19077,16457,14170,7385,6320,18561,18726,14864,9562,6589,516,-2269,-694,-2177,-269,-4893,dire,18594.0,18636.0,16234.0,18512.0,14106.0,15181.0,7324.0,9742.0,6013.0,6790.0
117,15443,15268,14050,8813,9145,17746,16403,12370,13592,10479,-2303,-1135,1680,-4779,-1334,-7871,dire,15472.0,17366.0,14561.0,15343.0,13982.0,12617.0,8756.0,13744.0,8947.0,10376.0
118,15992,14055,11915,11325,8825,22684,17297,12939,13144,9804,-6692,-3242,-1024,-1819,-979,-13756,dire,16107.0,22246.0,13803.0,17099.0,11385.0,12940.0,11106.0,12967.0,8763.0,9439.0
119,16318,14761,11726,7709,7189,25844,16219,14998,9275,9216,-9526,-1458,-3272,-1566,-2027,-17849,dire,16528.0,25725.0,14952.0,16151.0,11800.0,14855.0,7840.0,8886.0,7260.0,9418.0
120,16500,13467,14447,11644,6940,18330,15955,14062,10619,10931,-1830,-2488,385,1025,-3991,-6899,dire,14650.0,18370.0,13490.0,15881.0,13615.0,14171.0,10625.0,10668.0,6330.0,10994.0
121,18663,17965,17317,8324,9752,22348,15424,16237,11188,7630,-3685,2541,1080,-2864,2122,-806,radiant,18841.0,22680.0,18458.0,15154.0,17429.0,16021.0,8198.0,10859.0,9705.0,7543.0
122,14178,14504,10340,9085,6973,17299,18590,15374,8082,7943,-3121,-4086,-5034,1003,-970,-12208,dire,14237.0,17029.0,14554.0,18637.0,10614.0,15308.0,9077.0,7692.0,6999.0,7885.0
123,17333,16533,15765,11153,7980,16859,13182,11808,10871,6251,474,3351,3957,282,1729,9793,radiant,17483.0,16829.0,16580.0,13290.0,15684.0,11879.0,11139.0,10738.0,8233.0,6362.0
124,22098,20500,16673,12385,10924,17710,13009,12257,8358,6209,4388,7491,4416,4027,4715,25037,radiant,21714.0,17994.0,19397.0,13390.0,16334.0,12309.0,12017.0,8559.0,10492.0,6432.0
125,17243,15443,11432,7983,8107,17639,18679,14618,11062,10346,-396,-3236,-3186,-3079,-2239,-12136,dire,16998.0,17585.0,15311.0,18678.0,11188.0,14327.0,7978.0,10919.0,8171.0,10507.0
126,18436,14559,13455,8658,6323,18786,13155,13033,8842,7981,-350,1404,422,-184,-1658,-366,dire,18655.0,18974.0,14616.0,13153.0,13749.0,13036.0,8805.0,8004.0,6394.0,8107.0
127,21138,17341,15646,8659,6749,20481,15884,12522,10118,8266,657,1457,3124,-1459,-1517,2262,radiant,21315.0,20200.0,17779.0,15261.0,16082.0,12161.0,8882.0,10325.0,6902.0,8176.0
128,16392,15092,13035,8931,7168,19883,19455,15893,11603,9406,-3491,-4363,-2858,-2672,-2238,-15622,dire,16715.0,19027.0,15192.0,19484.0,13373.0,15731.0,9015.0,11274.0,7392.0,9322.0
129,18025,15849,14822,11788,8884,17491,17775,13069,9084,9221,534,-1926,1753,2704,-337,2728,dire,18196.0,17312.0,15713.0,18132.0,14710.0,13403.0,11645.0,9293.0,8846.0,9458.0
130,15677,13741,13066,7669,5694,21782,18310,17715,16526,9645,-6105,-4569,-4649,-8857,-3951,-28131,dire,15926.0,21977.0,13343.0,18507.0,13109.0,18008.0,7895.0,16827.0,5869.0,9799.0
131,26570,19622,13712,9358,9234,17972,16354,14222,7043,7047,8598,3268,-510,2315,2187,15858,radiant,26311.0,17858.0,19574.0,16301.0,13716.0,14289.0,9141.0,7275.0,8980.0,7075.0
132,19286,12314,11670,7245,6345,17478,15515,13494,8409,7896,1808,-3201,-1824,-1164,-1551,-5932,dire,19224.0,17399.0,12289.0,15574.0,11465.0,13524.0,7267.0,8367.0,6567.0,8003.0
133,21352,16270,12501,10728,9843,20204,14212,11115,9504,8420,1148,2058,1386,1224,1423,7239,radiant,20653.0,19591.0,15880.0,13701.0,12715.0,10545.0,10616.0,9188.0,10002.0,8145.0
134,24668,15546,12901,10956,10387,15490,13821,13416,11602,9966,9178,1725,-515,-646,421,10163,radiant,24544.0,14244.0,16029.0,13203.0,13276.0,12219.0,11149.0,10885.0,10564.0,9460.0
135,19267,16675,12368,8932,5587,26286,19245,20044,11490,10420,-7019,-2570,-7676,-2558,-4833,-24656,dire,19037.0,26792.0,16556.0,19480.0,12544.0,19628.0,8977.0,11811.0,5677.0,10641.0
136,21857,18068,16859,9188,8158,17622,12260,11270,7623,6817,4235,5808,5589,1565,1341,18538,radiant,21446.0,17971.0,17837.0,12502.0,16530.0,11117.0,8803.0,7574.0,7876.0,6884.0
137,18863,15439,15036,9203,9028,16621,19177,15065,9305,7702,2242,-3738,-29,-102,1326,-301,dire,19130.0,16219.0,15061.0,18854.0,15413.0,14691.0,9345.0,8845.0,8882.0,7808.0
138,17429,17531,14185,10650,7879,13415,15552,13698,8061,9996,4014,1979,487,2589,-2117,6952,dire,17657.0,13488.0,17798.0,15369.0,14579.0,14027.0,10976.0,8206.0,8161.0,10036.0
139,17718,15856,12326,7648,7799,18274,13925,14569,9609,7780,-556,1931,-2243,-1961,19,-2810,dire,17517.0,18039.0,16174.0,13955.0,12406.0,14920.0,7950.0,9849.0,8049.0,8059.0
140,30337,16560,16423,12177,10577,19694,18171,13008,9536,9117,10643,-1611,3415,2641,1460,16548,radiant,29326.0,19886.0,16315.0,18559.0,15970.0,13093.0,11502.0,9648.0,9624.0,9355.0
141,18111,16217,14722,9629,7934,21266,18654,16807,10877,8964,-3155,-2437,-2085,-1248,-1030,-9955,dire,18056.0,19906.0,15872.0,18146.0,15040.0,16276.0,10029.0,9923.0,8246.0,8393.0
142,17940,16918,16475,13707,7817,15501,14881,13636,10428,8387,2439,2037,2839,3279,-570,10024,radiant,18209.0,15943.0,17365.0,14929.0,15754.0,13382.0,13493.0,10702.0,7846.0,8319.0
143,16418,14612,15247,11407,11564,21117,17813,18804,7938,8837,-4699,-3201,-3557,3469,2727,-5261,dire,16194.0,19542.0,14545.0,18233.0,14493.0,19027.0,11139.0,7867.0,11562.0,7877.0
144,21376,16827,16316,10195,8588,18055,15723,10034,8908,7029,3321,1104,6282,1287,1559,13553,radiant,20635.0,18080.0,15523.0,15965.0,15702.0,10203.0,9730.0,9051.0,8111.0,6951.0
145,20294,13150,16544,8554,9602,13789,14702,11427,11677,9239,6505,-1552,5117,-3123,363,7310,dire,21057.0,13725.0,13560.0,13824.0,16630.0,11238.0,8539.0,11064.0,9815.0,9105.0
146,15055,14181,11057,7498,6718,21685,16200,14788,9599,7261,-6630,-2019,-3731,-2101,-543,-15024,dire,14844.0,21025.0,14118.0,15744.0,11195.0,13846.0,7390.0,9313.0,6433.0,7237.0
147,17086,14989,13865,8127,8821,23269,13545,14961,11968,9193,-6183,1444,-1096,-3841,-372,-10048,dire,17744.0,21927.0,15403.0,13057.0,14227.0,14542.0,8321.0,11856.0,9023.0,8778.0
148,14560,13468,8923,6626,6971,17747,15956,14832,11454,9949,-3187,-2488,-5909,-4828,-2978,-19390,dire,14752.0,17001.0,13419.0,16403.0,9208.0,14546.0,6492.0,11237.0,6945.0,10065.0
149,20610,15528,13231,9457,9700,14381,12964,11748,12576,7064,6229,2564,1483,-3119,2636,9793,radiant,20273.0,13899.0,15506.0,12480.0,13250.0,11062.0,9521.0,11920.0,9543.0,6870.0
150,15222,11823,12115,9352,7357,20495,16884,11075,11772,9795,-5273,-5061,1040,-2420,-2438,-14152,dire,15129.0,20052.0,12173.0,16370.0,12160.0,10600.0,9391.0,11420.0,7658.0,9990.0
151,22660,13768,15236,10498,8096,16450,12904,11287,8462,7860,6210,864,3949,2036,236,13295,radiant,22364.0,15766.0,13812.0,12574.0,14717.0,11287.0,10021.0,8305.0,7931.0,7753.0
152,18039,14408,15572,12194,11444,18511,18092,12620,8467,6896,-472,-3684,2952,3727,4548,7071,radiant,17686.0,18440.0,14355.0,17947.0,15223.0,12579.0,12048.0,8681.0,11386.0,7036.0
153,20023,15861,14494,13232,9706,16883,15192,12510,8098,7614,3140,669,1984,5134,2092,13019,radiant,19664.0,16591.0,15394.0,14305.0,14275.0,12046.0,13561.0,7429.0,9674.0,7790.0
154,21947,19418,16888,12260,8598,16050,15573,11643,9335,8886,5897,3845,5245,2925,-288,17624,radiant,22051.0,16202.0,19047.0,16075.0,17002.0,11791.0,12260.0,9311.0,8567.0,8950.0
155,15061,16314,15092,9484,7240,19308,12361,10159,7276,6242,-4247,3953,4933,2208,998,7845,radiant,14882.0,19292.0,16118.0,12137.0,14474.0,10080.0,9412.0,7240.0,7224.0,6339.0
156,19172,18544,17791,8425,7339,19474,13995,13933,7665,6759,-302,4549,3858,760,580,9445,radiant,19259.0,18638.0,18791.0,12387.0,17803.0,13063.0,8690.0,7496.0,7515.0,6192.0
157,20849,15311,14730,7620,7157,15950,13810,14688,9209,5763,4899,1501,42,-1589,1394,6247,dire,20703.0,15903.0,15426.0,13537.0,14770.0,14576.0,7811.0,9272.0,7343.0,5946.0
158,24121,16374,15644,9633,9094,19044,13534,12707,7543,6725,5077,2840,2937,2090,2369,15313,radiant,23594.0,19208.0,15880.0,13529.0,14930.0,12841.0,9313.0,7377.0,9092.0,6475.0
159,18113,16750,15769,12316,9813,18662,14012,12239,8235,7116,-549,2738,3530,4081,2697,12497,radiant,18055.0,18448.0,16683.0,13932.0,15615.0,12003.0,12469.0,8292.0,9644.0,7171.0
160,20911,18250,15902,11711,8787,20323,16681,14363,10111,8077,588,1569,1539,1600,710,6006,radiant,20190.0,19453.0,18095.0,16200.0,15980.0,14643.0,11754.0,10230.0,8899.0,8116.0
161,21452,13816,11238,11055,10856,21873,17987,14465,8658,8269,-421,-4171,-3227,2397,2587,-2835,radiant,20049.0,22250.0,13391.0,17510.0,11015.0,14447.0,10946.0,8416.0,10434.0,8397.0
162,18598,17943,17369,9262,8106,20806,13978,12809,8506,7897,-2208,3965,4560,756,209,7282,radiant,18413.0,19939.0,17837.0,14138.0,16984.0,12661.0,9310.0,8226.0,8150.0,8044.0
163,19927,19198,14466,8947,7415,18739,13631,13712,8909,6082,1188,5567,754,38,1333,8880,radiant,19556.0,19343.0,19118.0,13871.0,14253.0,14174.0,8874.0,9076.0,7296.0,6284.0
164,16764,13737,11648,9703,7610,18617,18389,16400,10814,11392,-1853,-4652,-4752,-1111,-3782,-16150,dire,16841.0,18008.0,13527.0,18296.0,11923.0,16505.0,9977.0,10367.0,7873.0,11506.0
165,17601,13466,13202,9803,7138,12698,12028,8194,5466,5234,4903,1438,5008,4337,1904,17590,radiant,17795.0,12583.0,13605.0,11803.0,13422.0,8230.0,10052.0,5639.0,7318.0,5338.0
166,17205,16750,11985,9286,6425,17958,16165,11350,13240,8958,-753,585,635,-3954,-2533,-6020,dire,16741.0,18467.0,16169.0,16430.0,11842.0,11613.0,8105.0,13133.0,6535.0,9123.0
167,14296,15677,15734,9445,6459,14017,15873,11108,8344,6039,279,-196,4626,1101,420,6230,radiant,13691.0,14018.0,15554.0,16406.0,15552.0,11235.0,9413.0,8271.0,6169.0,6248.0
168,16406,16021,14349,8711,6328,20988,16444,12262,9929,8224,-4582,-423,2087,-1218,-1896,-6032,radiant,15786.0,20962.0,15646.0,16767.0,14142.0,12352.0,8635.0,10214.0,5980.0,8546.0
169,26433,20319,17438,11018,9311,14485,13682,12444,7823,7581,11948,6637,4994,3195,1730,28504,radiant,25876.0,14569.0,20081.0,13650.0,16892.0,12411.0,10610.0,8041.0,9009.0,7735.0
170,17814,16767,15677,9770,8363,15549,15072,9584,10578,7261,2265,1695,6093,-808,1102,10347,radiant,17250.0,15685.0,16840.0,15338.0,15509.0,9762.0,9590.0,10367.0,8456.0,7320.0
171,20228,16539,15951,11054,11330,18500,15961,10663,11182,9345,1728,578,5288,-128,1985,9451,radiant,20371.0,17649.0,16180.0,15280.0,15826.0,10160.0,10988.0,10969.0,11461.0,9433.0
172,21224,15990,13014,10031,7151,23616,15419,13393,8758,8228,-2392,571,-379,1273,-1077,-2004,radiant,21279.0,23514.0,15313.0,15695.0,12952.0,12765.0,9897.0,8690.0,7236.0,8211.0
173,18063,17328,16481,11934,9852,16670,13913,11987,9737,8213,1393,3415,4494,2197,1639,13138,radiant,18227.0,16284.0,17134.0,14093.0,16677.0,11353.0,12103.0,9418.0,9923.0,8107.0
174,26179,17287,15695,5916,5320,21906,15759,16104,10075,6138,4273,1528,-409,-4159,-818,415,radiant,25739.0,22000.0,17434.0,15848.0,16066.0,16212.0,6159.0,10324.0,5543.0,6251.0
175,15004,16408,14259,8388,7284,16761,14915,14580,9912,8894,-1757,1493,-321,-1524,-1610,-3719,radiant,15204.0,16078.0,16932.0,14303.0,14419.0,14315.0,8655.0,9777.0,7495.0,8894.0
176,24041,18358,12896,11435,9977,20752,17756,16450,10113,8957,3289,602,-3554,1322,1020,2679,dire,24019.0,19748.0,18062.0,18078.0,13175.0,16113.0,11702.0,9371.0,10099.0,8683.0
177,19027,17314,14455,11244,11268,21414,18272,17386,9315,7702,-2387,-958,-2931,1929,3566,-781,radiant,19791.0,22292.0,17948.0,18246.0,14851.0,17388.0,11285.0,8956.0,11271.0,7797.0
178,16434,15838,13927,8571,7480,20763,14882,11962,9396,9166,-4329,956,1965,-825,-1686,-3919,radiant,15637.0,21136.0,13829.0,15217.0,14224.0,12224.0,7438.0,9622.0,7286.0,8999.0
179,15919,15633,15244,6995,7708,17964,12897,13461,7279,7199,-2045,2736,1783,-284,509,2699,radiant,15775.0,17649.0,15972.0,12724.0,15204.0,13415.0,6780.0,7301.0,7635.0,7087.0
180,20553,17003,10215,9746,9589,19221,17465,14860,9315,7389,1332,-462,-4645,431,2200,-1144,dire,20704.0,17595.0,17325.0,17999.0,10547.0,14517.0,9893.0,9003.0,9479.0,7583.0
181,18688,14017,13390,7185,7098,21309,16958,13041,10439,6662,-2621,-2941,349,-3254,436,-8031,dire,18658.0,21090.0,14475.0,16510.0,13426.0,13193.0,7421.0,10611.0,7355.0,6667.0
182,17036,13996,12990,9422,8777,17165,15390,12889,9396,6829,-129,-1394,101,26,1948,552,radiant,17202.0,17402.0,14345.0,15545.0,12798.0,13239.0,9499.0,9547.0,8898.0,7093.0
183,26038,19267,15277,11901,7437,17080,15037,13869,9065,6263,8958,4230,1408,2836,1174,18606,radiant,25935.0,17078.0,19115.0,14975.0,15341.0,14199.0,11810.0,9098.0,7475.0,6234.0
184,19026,15197,13214,10659,8058,18903,16891,13591,8960,8390,123,-1694,-377,1699,-332,-581,dire,18902.0,18377.0,15117.0,16005.0,13273.0,13287.0,10197.0,8592.0,7869.0,7971.0
185,13587,13706,12230,8410,6857,16883,15678,13977,9825,6862,-3296,-1972,-1747,-1415,-5,-8435,dire,13944.0,16101.0,13984.0,15607.0,12564.0,13739.0,8442.0,9658.0,7022.0,6768.0
186,16401,15827,18727,9930,9671,16774,16340,10699,12453,7135,-373,-513,8028,-2523,2536,7155,dire,16513.0,16707.0,15855.0,16788.0,17342.0,10699.0,9811.0,12489.0,9415.0,7267.0
187,19520,16489,16209,9553,8476,14277,15240,15754,8457,7182,5243,1249,455,1096,1294,9337,radiant,19085.0,14256.0,16592.0,15390.0,16300.0,15685.0,9808.0,8588.0,8751.0,7165.0
188,15846,17823,15682,9525,9015,18624,14379,12474,9302,8914,-2778,3444,3208,223,101,4198,radiant,15651.0,17681.0,17781.0,13805.0,15514.0,12565.0,9744.0,9426.0,9242.0,9022.0
189,20012,16503,13840,9071,9711,22429,15067,14355,9358,7327,-2417,1436,-515,-287,2384,601,radiant,19674.0,22261.0,16357.0,14681.0,13533.0,13665.0,9402.0,9289.0,9421.0,7262.0
190,22073,13896,12951,8673,7503,24457,19547,16046,9810,9595,-2384,-5651,-3095,-1137,-2092,-14359,radiant,22444.0,23996.0,14217.0,19508.0,13197.0,16203.0,8989.0,9982.0,7772.0,9854.0
191,15836,14387,14286,9584,7504,15270,13658,15282,9727,7407,566,729,-996,-143,97,253,radiant,14776.0,15583.0,14112.0,13421.0,13513.0,15253.0,9227.0,9338.0,6755.0,7505.0
192,19511,16035,13527,13166,7907,14754,12138,10417,8569,7507,4757,3897,3110,4597,400,16761,radiant,19765.0,14610.0,15650.0,11884.0,13119.0,9901.0,12825.0,8520.0,7821.0,7497.0
193,18343,19111,18274,6936,5584,17867,16238,14827,10718,5634,476,2873,3447,-3782,-50,2964,dire,17819.0,17985.0,19248.0,15962.0,18402.0,14971.0,7189.0,10265.0,5696.0,5648.0
194,17897,18780,16039,8922,7868,16442,15774,14308,9909,9820,1455,3006,1731,-987,-1952,3253,dire,18214.0,16098.0,19249.0,15088.0,15598.0,13775.0,8639.0,9857.0,7853.0,9450.0
195,19232,16151,13374,9351,10133,16600,15680,13692,8971,7962,2632,471,-318,380,2171,5336,radiant,19363.0,16907.0,16101.0,14966.0,13206.0,14034.0,9647.0,8893.0,10368.0,7947.0
196,18513,16190,15839,10804,9435,18561,18737,15914,9035,7871,-48,-2547,-75,1769,1564,663,dire,18903.0,18576.0,16586.0,18439.0,15847.0,16155.0,10906.0,9077.0,9647.0,7950.0
197,19293,17542,17255,11831,7760,19058,17293,16411,12240,7755,235,249,844,-409,5,924,radiant,19003.0,18451.0,17371.0,16811.0,17625.0,16040.0,12058.0,12428.0,7933.0,7830.0
198,23902,14651,14263,11390,7910,14946,12324,9242,7335,6927,8956,2327,5021,4055,983,21342,radiant,24156.0,14042.0,14918.0,12296.0,14614.0,9423.0,11533.0,7529.0,8161.0,7164.0
199,19124,16832,15540,8827,8199,23208,19604,18425,9582,9642,-4084,-2772,-2885,-755,-1443,-11939,dire,19267.0,22900.0,17307.0,19584.0,15135.0,18172.0,9077.0,9448.0,8486.0,9647.0
200,20741,17668,15931,12222,9234,16550,13780,9789,7211,7194,4191,3888,6142,5011,2040,21272,radiant,20527.0,16169.0,17197.0,13634.0,15052.0,9876.0,12063.0,7279.0,9026.0,7280.0
201,20436,17898,13869,9982,9517,18931,18045,15072,9006,8140,1505,-147,-1203,976,1377,2508,dire,19974.0,19579.0,18171.0,17568.0,13906.0,14684.0,10160.0,9266.0,9711.0,8323.0
202,18748,15664,13583,9495,10191,19541,18992,15269,10709,8655,-793,-3328,-1686,-1214,1536,-5485,dire,17028.0,19771.0,15003.0,18894.0,13228.0,14964.0,8776.0,10848.0,10170.0,8719.0
203,25116,21859,17059,9566,9355,16571,16290,16902,9984,8498,8545,5569,157,-418,857,14710,radiant,24558.0,16053.0,21562.0,15370.0,16701.0,17032.0,9200.0,9804.0,9207.0,8170.0
204,19188,17671,12879,9020,8006,17768,18946,16268,9387,8765,1420,-1275,-3389,-367,-759,-4370,dire,19070.0,17893.0,17726.0,19113.0,13080.0,16496.0,8785.0,9513.0,8302.0,8879.0
205,18931,17058,12132,6392,7494,19635,14218,12269,8709,8122,-704,2840,-137,-2317,-628,-946,dire,18956.0,19620.0,17254.0,14184.0,12408.0,12379.0,6562.0,8182.0,7676.0,8215.0
206,19303,16928,15922,9791,9155,20970,14167,11802,9634,9396,-1667,2761,4120,157,-241,5130,radiant,19173.0,20735.0,16175.0,14194.0,16181.0,11730.0,9664.0,9767.0,9414.0,9735.0
207,18392,14125,12733,11323,10926,17382,16857,13988,9899,10836,1010,-2732,-1255,1424,90,-1463,radiant,18642.0,17385.0,13902.0,16365.0,12662.0,13562.0,11337.0,10037.0,11070.0,10981.0
208,22283,15356,14040,9324,8600,19960,15226,11218,8754,8306,2323,130,2822,570,294,6139,radiant,22001.0,19892.0,15274.0,14957.0,13837.0,11273.0,9421.0,8963.0,8710.0,8173.0
209,20804,20276,18608,13956,10007,20141,23322,14437,13104,10470,663,-3046,4171,852,-463,2177,radiant,20107.0,19732.0,19411.0,22633.0,18015.0,14591.0,13624.0,13025.0,8806.0,10479.0
210,20944,19755,12931,10499,9103,16079,15407,10800,11221,7993,4865,4348,2131,-722,1110,11732,radiant,20404.0,16472.0,19570.0,14796.0,12878.0,10412.0,10111.0,11198.0,9153.0,7861.0
211,22583,16169,15462,10438,10471,16828,14897,14940,9657,10912,5755,1272,522,781,-441,7889,dire,22712.0,16610.0,16285.0,14956.0,15472.0,14838.0,10433.0,9525.0,10000.0,10702.0
212,21988,17076,12028,9256,7189,15586,16301,11518,8007,6311,6402,775,510,1249,878,9814,radiant,22232.0,15380.0,17108.0,16207.0,11801.0,11525.0,9333.0,8034.0,7317.0,6382.0
213,18031,16786,16197,11058,7937,21068,12829,12116,10309,9098,-3037,3957,4081,749,-1161,4589,dire,17961.0,20741.0,16713.0,12228.0,15913.0,11619.0,10977.0,10039.0,8092.0,8943.0
214,18516,17225,16388,11086,10708,16621,15084,13993,12081,8799,1895,2141,2395,-995,1909,7345,radiant,18773.0,17164.0,17418.0,15057.0,16612.0,14432.0,11325.0,12065.0,11048.0,9143.0
215,20495,13482,14677,10982,8614,21385,19494,12045,10946,8602,-890,-6012,2632,36,12,-4222,dire,21020.0,21029.0,13375.0,19495.0,15075.0,11866.0,11212.0,10721.0,8948.0,8708.0
216,14247,14935,13934,10121,9029,20296,21053,12476,9701,8068,-6049,-6118,1458,420,961,-9328,dire,13511.0,20223.0,14670.0,20448.0,14337.0,12380.0,10191.0,9749.0,8971.0,8016.0
217,16628,16507,9414,7570,6842,20544,13901,11741,9428,7675,-3916,2606,-2327,-1858,-833,-6328,dire,17071.0,19863.0,16952.0,13816.0,9485.0,11057.0,7435.0,9714.0,7047.0,7921.0
218,18064,18546,13977,9591,7637,13277,13323,12318,7523,6462,4787,5223,1659,2068,1175,14912,radiant,18184.0,13094.0,18650.0,13259.0,14042.0,12308.0,9719.0,7767.0,7838.0,6690.0
219,20556,17847,17197,10309,8939,17612,17184,12479,8013,7088,2944,663,4718,2296,1851,12472,radiant,20046.0,18030.0,17316.0,17401.0,16697.0,12320.0,9981.0,8136.0,8548.0,7169.0
220,21723,16993,10995,10378,9121,18545,16147,10546,8953,6489,3178,846,449,1425,2632,8530,radiant,21587.0,18449.0,16467.0,16377.0,11192.0,10820.0,10592.0,9094.0,9311.0,6651.0
221,16009,16065,14986,12422,10177,20634,13489,13393,15164,9410,-4625,2576,1593,-2742,767,-2431,dire,15130.0,20571.0,15274.0,13774.0,14603.0,13333.0,12378.0,14607.0,9102.0,8969.0
222,19250,15826,13718,8100,8017,21979,17024,15303,9457,8293,-2729,-1198,-1585,-1357,-276,-7145,dire,19262.0,22337.0,16234.0,16804.0,13664.0,15446.0,8003.0,9361.0,8313.0,8344.0
223,21090,16805,13643,11985,6272,18500,16593,16069,11266,9513,2590,212,-2426,719,-3241,-2146,radiant,20981.0,18579.0,16926.0,16183.0,13748.0,16222.0,11734.0,10896.0,6341.0,9598.0
224,18360,12826,15187,7648,6651,18215,16413,10331,14362,10724,145,-3587,4856,-6714,-4073,-9373,dire,18166.0,18389.0,12722.0,16448.0,15249.0,10241.0,7792.0,14679.0,6753.0,10914.0
225,22459,15864,12277,9856,8708,16661,15325,13340,8433,8544,5798,539,-1063,1423,164,6861,radiant,22045.0,16080.0,15516.0,15443.0,12214.0,12872.0,9293.0,8483.0,8394.0,8546.0
226,21183,17578,15535,9569,7077,15444,16136,18205,8905,9248,5739,1442,-2670,664,-2171,3004,radiant,21453.0,15504.0,17651.0,16111.0,15351.0,18189.0,9764.0,8904.0,7307.0,9096.0
227,13573,13161,12634,8637,6896,21110,18288,15803,11564,11419,-7537,-5127,-3169,-2927,-4523,-23283,dire,14022.0,20548.0,13180.0,18566.0,12983.0,15895.0,9001.0,11165.0,7009.0,11141.0
228,19211,15850,13331,8904,7038,23370,16260,13972,9638,9170,-4159,-410,-641,-734,-2132,-8076,dire,19702.0,23116.0,15582.0,15730.0,13442.0,13861.0,9135.0,9493.0,6994.0,8981.0
229,19246,18188,13429,9461,10171,21656,12564,12541,12027,8539,-2410,5624,888,-2566,1632,3168,radiant,18854.0,21728.0,17820.0,13006.0,13425.0,12866.0,9530.0,12273.0,10133.0,8755.0
230,21726,19162,14559,10655,10498,15733,15018,13546,10637,8131,5993,4144,1013,18,2367,13535,radiant,20971.0,16013.0,19024.0,14776.0,14376.0,13216.0,10278.0,10752.0,10325.0,8071.0
231,24868,14957,14517,9419,9178,19483,17643,16880,10272,9315,5385,-2686,-2363,-853,-137,-654,dire,25641.0,19057.0,15188.0,17286.0,14963.0,16430.0,9442.0,9686.0,9369.0,9192.0
232,20597,16966,15693,7151,6237,19506,18073,15743,10466,9310,1091,-1107,-50,-3315,-3073,-6454,dire,20647.0,19474.0,16873.0,18542.0,16022.0,16070.0,7327.0,10244.0,6368.0,9011.0
233,21796,15885,11345,12613,11457,16443,15126,15529,11355,8180,5353,759,-4184,1258,3277,6463,radiant,21529.0,16762.0,15858.0,15160.0,11546.0,15923.0,12679.0,11391.0,11214.0,8406.0
234,19052,17819,15551,10292,9529,23619,17245,16315,9784,8670,-4567,574,-764,508,859,-3390,dire,19114.0,22800.0,17628.0,17085.0,15953.0,16145.0,10247.0,9581.0,9539.0,8550.0
235,17992,14187,15691,9547,7295,19926,16017,12899,8715,7416,-1934,-1830,2792,832,-121,-261,dire,18144.0,19565.0,14247.0,15632.0,15806.0,12932.0,9732.0,8941.0,7162.0,7595.0
236,13119,12699,10484,10713,9029,20042,17446,12391,11296,9115,-6923,-4747,-1907,-583,-86,-14246,dire,13389.0,19709.0,13023.0,16280.0,10124.0,11814.0,10762.0,10672.0,9331.0,8810.0
237,22459,19083,15576,11763,9055,20847,14653,13532,9769,9565,1612,4430,2044,1994,-510,9570,radiant,22205.0,20860.0,18841.0,14706.0,15285.0,13657.0,11811.0,9749.0,9118.0,9677.0
238,12435,12076,10384,10357,7149,20690,20567,15506,10296,10160,-8255,-8491,-5122,61,-3011,-24818,dire,12567.0,20263.0,12009.0,19871.0,10436.0,15379.0,10450.0,10277.0,7112.0,10063.0
239,15056,14188,14705,8053,8172,28831,15429,15544,10636,10285,-13775,-1241,-839,-2583,-2113,-20551,dire,14594.0,28478.0,14047.0,15620.0,14343.0,14816.0,8017.0,10525.0,8151.0,9949.0
240,16194,16224,9747,9884,10325,20441,15664,15372,12967,9016,-4247,560,-5625,-3083,1309,-11086,dire,15550.0,20410.0,15710.0,15871.0,9469.0,15744.0,9575.0,12858.0,9903.0,9307.0
241,14466,15942,15074,8095,8097,21484,15742,12606,11928,10837,-7018,200,2468,-3833,-2740,-10923,radiant,14687.0,20702.0,15624.0,15890.0,15625.0,12067.0,8429.0,11643.0,8234.0,10386.0
242,19142,16936,16176,11127,9585,24080,19773,15719,9482,8789,-4938,-2837,457,1645,796,-4877,dire,19669.0,24068.0,16843.0,19523.0,16516.0,15693.0,10941.0,9584.0,9748.0,8872.0
243,15456,12237,11091,11282,8921,19968,15376,15816,10216,11752,-4512,-3139,-4725,1066,-2831,-14141,dire,15209.0,20014.0,11933.0,15321.0,11077.0,15803.0,10963.0,10356.0,8570.0,11615.0
244,14641,14188,12590,9432,9291,22790,15609,14227,10686,10900,-8149,-1421,-1637,-1254,-1609,-14070,dire,15083.0,21881.0,14626.0,14865.0,12571.0,14047.0,9682.0,10422.0,9482.0,10219.0
245,14025,13355,13015,9663,7317,19949,13241,13649,9635,8051,-5924,114,-634,28,-734,-7150,dire,13583.0,19636.0,13569.0,13157.0,12846.0,13378.0,9693.0,9452.0,7439.0,8166.0
246,22259,17283,16166,12485,8879,18889,13742,15376,9143,8090,3370,3541,790,3342,789,11832,radiant,22312.0,18880.0,17380.0,13756.0,15990.0,15546.0,12419.0,9468.0,9152.0,8351.0
247,17329,17740,14023,9068,6608,14840,13312,14388,7318,8264,2489,4428,-365,1750,-1656,6646,radiant,17162.0,15070.0,18101.0,13220.0,13692.0,14467.0,9023.0,7551.0,6786.0,8345.0
248,20944,19219,15473,10577,9937,16898,14698,12952,10980,7718,4046,4521,2521,-403,2219,12904,radiant,19821.0,17390.0,18096.0,14780.0,14812.0,13113.0,10006.0,11382.0,9666.0,7998.0
249,17498,14963,13936,9515,8190,17972,15432,12673,8756,7866,-474,-469,1263,759,324,1403,radiant,17543.0,18495.0,14612.0,15634.0,14151.0,12983.0,9560.0,9080.0,8074.0,7628.0
250,18395,13826,11587,10808,8704,18371,18110,17173,10917,9688,24,-4284,-5586,-109,-984,-10939,dire,18277.0,18267.0,13750.0,18718.0,10914.0,17520.0,10432.0,10873.0,8505.0,10010.0
251,16796,15704,13383,8251,7534,17338,13350,12470,9979,9824,-542,2354,913,-1728,-2290,-1293,radiant,16957.0,17258.0,15384.0,13235.0,12948.0,12535.0,8250.0,10202.0,7338.0,9843.0
252,19948,18249,17288,13432,9054,16159,12400,9772,8876,5571,3789,5849,7516,4556,3483,25193,radiant,20026.0,16181.0,18461.0,12487.0,17226.0,9995.0,13044.0,8817.0,9138.0,5637.0
253,17662,16003,14896,8923,6462,24949,17563,14072,14208,12190,-7287,-1560,824,-5285,-5728,-19036,dire,17883.0,23534.0,16337.0,16743.0,14411.0,13627.0,8939.0,13659.0,6434.0,11935.0
254,14554,13890,11857,7312,6175,15553,13442,15810,16322,7859,-999,448,-3953,-9010,-1684,-15198,dire,14318.0,15596.0,13306.0,13173.0,11474.0,15208.0,7421.0,16458.0,6057.0,7712.0
255,15229,11973,9628,8293,7424,16437,15409,15062,10493,10049,-1208,-3436,-5434,-2200,-2625,-14903,dire,15266.0,16064.0,11676.0,15030.0,9695.0,15056.0,7922.0,9975.0,7460.0,10161.0
256,12808,14057,12420,7434,5287,19100,18871,12663,11624,10147,-6292,-4814,-243,-4190,-4860,-20399,dire,12903.0,19213.0,13580.0,18596.0,12527.0,12791.0,7361.0,11647.0,5241.0,9921.0
257,15654,14593,11674,11389,6462,18972,15161,14304,10028,9286,-3318,-568,-2630,1361,-2824,-7979,dire,16091.0,19042.0,14988.0,15004.0,11818.0,14431.0,11706.0,10173.0,6672.0,9645.0
258,22328,14570,13509,8929,10091,23529,19307,17400,8210,8559,-1201,-4737,-3891,719,1532,-7578,dire,21636.0,23546.0,13977.0,19229.0,13201.0,17375.0,8815.0,8341.0,9733.0,8801.0
259,15640,14571,12456,9189,7293,15829,17397,15340,11713,8816,-189,-2826,-2884,-2524,-1523,-9946,dire,15620.0,16038.0,14819.0,17224.0,12751.0,15398.0,9048.0,11795.0,7472.0,9039.0
260,19973,15405,13355,8151,7537,22526,18214,14293,9713,7161,-2553,-2809,-938,-1562,376,-7486,dire,19435.0,21779.0,15521.0,18188.0,13505.0,14060.0,8420.0,9437.0,7654.0,7087.0
261,17591,15669,9642,8414,7796,20702,18398,16010,12604,11303,-3111,-2729,-6368,-4190,-3507,-19905,dire,17601.0,20834.0,15794.0,18710.0,9901.0,16168.0,8674.0,12976.0,7905.0,11562.0
262,19921,14520,11776,6573,7399,19184,15674,17230,8520,8149,737,-1154,-5454,-1947,-750,-8568,radiant,19703.0,18349.0,14161.0,15316.0,12006.0,17249.0,6665.0,8695.0,7489.0,8149.0
263,22518,18869,17759,10518,10206,14975,12426,11730,7128,5651,7543,6443,6029,3390,4555,27960,radiant,22219.0,14593.0,19019.0,12685.0,17798.0,11254.0,10371.0,7178.0,10123.0,5796.0
264,17002,15254,13431,8448,7074,20157,19915,19227,13355,9727,-3155,-4661,-5796,-4907,-2653,-21172,dire,17460.0,19146.0,15687.0,18253.0,13794.0,17966.0,8734.0,12647.0,7310.0,9530.0
265,16028,15190,14424,8979,6973,14366,15188,15277,10102,7382,1662,2,-853,-1123,-409,-721,dire,15774.0,13755.0,14995.0,15139.0,13869.0,15470.0,8946.0,10163.0,7123.0,7341.0
266,22080,15760,13672,9738,8539,20677,15895,11588,9330,10447,1403,-135,2084,408,-1908,1852,dire,22038.0,20349.0,15840.0,15107.0,13938.0,11673.0,10057.0,9257.0,8732.0,10656.0
267,17098,14287,14039,8952,8630,15631,12826,11886,8053,6482,1467,1461,2153,899,2148,8128,radiant,16941.0,16014.0,13987.0,12590.0,13880.0,12033.0,8357.0,8280.0,8073.0,6643.0
268,15271,16093,14189,9203,6887,17596,15678,14933,7896,5850,-2325,415,-744,1307,1037,-310,dire,14947.0,16497.0,16624.0,15344.0,14554.0,14560.0,9281.0,7857.0,7014.0,5998.0
269,16703,17174,13908,9782,8975,21073,16601,14512,10149,8414,-4370,573,-604,-367,561,-4207,dire,16079.0,21000.0,17396.0,16113.0,13527.0,14576.0,10072.0,10453.0,9074.0,8649.0
270,21497,19980,16413,9649,8384,17632,16138,13923,9288,6592,3865,3842,2490,361,1792,12350,radiant,21571.0,17291.0,19529.0,15877.0,15935.0,13323.0,9674.0,9129.0,8384.0,6583.0
271,19710,17791,17021,9319,8078,18774,15172,12639,8946,6535,936,2619,4382,373,1543,9853,radiant,19712.0,18856.0,17834.0,14969.0,17019.0,12629.0,9457.0,8957.0,8060.0,6281.0
272,21775,15759,14214,13431,10480,17955,16364,15317,9287,9239,3820,-605,-1103,4144,1241,7497,radiant,20821.0,18538.0,14783.0,16758.0,13572.0,14807.0,13346.0,9120.0,10358.0,9144.0
273,21555,16119,15143,11455,8246,16861,15493,15667,8144,7409,4694,626,-524,3311,837,8944,radiant,20961.0,16913.0,15826.0,15418.0,14860.0,15803.0,11275.0,8448.0,8269.0,7652.0
274,20219,16016,13929,9680,6763,16782,12232,11479,5532,6303,3437,3784,2450,4148,460,14279,radiant,19754.0,16162.0,15731.0,11902.0,14329.0,11567.0,9385.0,5518.0,6334.0,6288.0
275,18929,17931,12804,12600,9360,23899,17084,14126,10542,8636,-4970,847,-1322,2058,724,-2663,radiant,17799.0,24009.0,17773.0,17251.0,12147.0,14280.0,11927.0,10696.0,9477.0,8431.0
276,21453,15458,14751,12957,9712,14753,13153,10747,8731,7605,6700,2305,4004,4226,2107,19342,radiant,21075.0,14709.0,15621.0,12912.0,14378.0,10703.0,13143.0,9035.0,9800.0,7712.0
277,19864,16574,14260,9390,8093,16137,15282,14001,8109,6994,3727,1292,259,1281,1099,7658,radiant,19423.0,16194.0,16381.0,15403.0,14215.0,13949.0,9457.0,8163.0,8157.0,7132.0
278,16516,16459,14361,9602,7868,15354,12353,13692,8876,9380,1162,4106,669,726,-1512,5151,radiant,16475.0,14729.0,16874.0,12391.0,14524.0,13393.0,9800.0,8882.0,8063.0,9144.0
279,20315,15670,11685,9018,7690,14145,14151,14528,12160,11383,6170,1519,-2843,-3142,-3693,-1989,radiant,19895.0,13650.0,15949.0,14102.0,12037.0,14640.0,9048.0,11725.0,7967.0,10862.0
280,20488,17213,17132,11657,10160,15035,11829,11691,9152,8075,5453,5384,5441,2505,2085,20868,radiant,20361.0,15310.0,16915.0,12029.0,16555.0,11796.0,11550.0,9355.0,10057.0,8154.0
281,18729,17361,14669,14032,7619,18478,14065,10958,5996,6108,251,3296,3711,8036,1511,16805,radiant,18284.0,18346.0,17395.0,13911.0,14584.0,10568.0,13831.0,6186.0,7780.0,6100.0
282,22513,23992,16405,10697,8815,23034,14399,12381,8661,6566,-521,9593,4024,2036,2249,17381,radiant,22195.0,21593.0,23713.0,13515.0,16384.0,11934.0,10466.0,8609.0,8831.0,6640.0
283,26259,15965,17483,11301,9422,18443,16395,13704,9466,8184,7816,-430,3779,1835,1238,14238,radiant,26577.0,17650.0,16372.0,15518.0,17744.0,13296.0,11449.0,8855.0,9686.0,7527.0
284,21715,16287,18143,9408,7356,21626,18736,15416,9502,9900,89,-2449,2727,-94,-2544,-2271,dire,21924.0,20401.0,15584.0,17322.0,18068.0,15072.0,9276.0,8800.0,7205.0,9411.0
285,20434,20061,16087,10595,9604,16216,14749,12219,10152,7626,4218,5312,3868,443,1978,15819,radiant,20145.0,15705.0,20679.0,14645.0,15881.0,12241.0,10381.0,9714.0,9288.0,7567.0
286,16515,14859,15591,10213,8556,14400,13990,12706,8262,8481,2115,869,2885,1951,75,7895,radiant,15801.0,14173.0,13928.0,13856.0,14965.0,12506.0,9952.0,8030.0,7689.0,8625.0
287,16334,14700,15147,10375,7553,18543,14508,14145,7273,8924,-2209,192,1002,3102,-1371,716,radiant,16855.0,18537.0,15126.0,14437.0,15402.0,14515.0,10220.0,7500.0,7494.0,9161.0
288,21832,12918,12782,7601,5368,20851,14826,16124,8654,8525,981,-1908,-3342,-1053,-3157,-8479,dire,21590.0,20559.0,12685.0,14920.0,12566.0,16048.0,7580.0,8518.0,5475.0,8422.0
289,19986,14375,15104,9095,8903,18227,13979,11220,8420,7180,1759,396,3884,675,1723,8437,radiant,20043.0,18530.0,14438.0,13728.0,15310.0,11447.0,9048.0,8490.0,8913.0,7327.0
290,18622,15267,14979,9283,9113,21246,19632,18462,14554,11203,-2624,-4365,-3483,-5271,-2090,-17833,dire,18910.0,20852.0,15315.0,19416.0,14967.0,18240.0,8975.0,14171.0,9239.0,11219.0
291,20489,14045,13454,8143,8243,23307,14955,13815,9310,8077,-2818,-910,-361,-1167,166,-5090,dire,20424.0,23712.0,14467.0,15253.0,13615.0,13847.0,8403.0,9556.0,8534.0,8285.0
292,18282,15215,14814,11656,8500,19454,17713,13826,9922,6933,-1172,-2498,988,1734,1567,619,radiant,18045.0,19661.0,15453.0,17731.0,15275.0,13478.0,11505.0,9641.0,8380.0,7027.0
293,20593,15104,15089,10052,8770,18739,16181,15219,11104,7697,1854,-1077,-130,-1052,1073,668,radiant,20306.0,19185.0,14766.0,15661.0,15095.0,15500.0,10010.0,11420.0,8998.0,7994.0
294,19858,13970,13090,7493,6632,20395,14647,14446,9314,7709,-537,-677,-1356,-1821,-1077,-5468,dire,19094.0,20334.0,13495.0,14895.0,12754.0,14404.0,7189.0,9305.0,6091.0,7690.0
295,14953,11596,11334,9049,9123,25190,14501,13885,9943,8125,-10237,-2905,-2551,-894,998,-15589,dire,14697.0,24693.0,11863.0,14778.0,11468.0,13895.0,9115.0,10132.0,9199.0,8197.0
296,16605,16219,12337,9248,7951,15515,13467,13315,8246,7193,1090,2752,-978,1002,758,4624,dire,16687.0,15560.0,15695.0,13491.0,12340.0,13432.0,9474.0,8271.0,8249.0,6799.0
297,17356,15168,15670,10333,9177,16098,14307,11595,10149,9040,1258,861,4075,184,137,6515,dire,17124.0,16015.0,14670.0,14042.0,15326.0,11603.0,10393.0,9935.0,9110.0,8824.0
298,19731,16208,16902,7072,6874,20395,12748,10944,9267,6862,-664,3460,5958,-2195,12,6571,radiant,19413.0,20290.0,16339.0,12822.0,16857.0,11135.0,7232.0,9014.0,6678.0,6852.0
299,22319,18686,13533,11359,9091,19470,17440,17417,8216,7208,2849,1246,-3884,3143,1883,5237,radiant,20554.0,19265.0,18241.0,17112.0,13279.0,17507.0,10834.0,8112.0,8481.0,7131.0
300,24652,17078,17657,10527,7100,20937,17804,13268,7989,8329,3715,-726,4389,2538,-1229,8687,radiant,23766.0,20590.0,16289.0,17588.0,17401.0,13340.0,10537.0,8168.0,7034.0,8532.0
301,20126,15920,14323,10908,10240,18077,16774,17190,13023,9510,2049,-854,-2867,-2115,730,-3057,radiant,19185.0,18044.0,14937.0,17295.0,14296.0,16784.0,10569.0,13008.0,10377.0,9835.0
302,19840,18567,15005,8452,8366,16485,13697,10379,7987,7261,3355,4870,4626,465,1105,14421,radiant,19344.0,16839.0,18615.0,13792.0,14427.0,10566.0,7751.0,8180.0,7666.0,6993.0
303,20385,17548,13732,9573,7268,16876,14522,13806,8247,6444,3509,3026,-74,1326,824,8611,radiant,20244.0,17078.0,17795.0,14775.0,13552.0,13573.0,9650.0,8148.0,7482.0,6681.0
304,19736,16836,11280,12698,10506,21261,15830,13015,11373,10511,-1525,1006,-1735,1325,-5,-934,dire,18621.0,20973.0,15723.0,14984.0,11389.0,12692.0,12146.0,11252.0,10602.0,9738.0
305,20782,17870,17269,9907,9592,16262,16938,13848,8114,7687,4520,932,3421,1793,1905,12571,radiant,20091.0,15385.0,17676.0,16796.0,17117.0,13551.0,8950.0,7944.0,9287.0,7473.0
306,22204,15489,11741,10899,7796,16671,13823,13377,8013,7265,5533,1666,-1636,2886,531,8980,radiant,22921.0,17311.0,14907.0,13967.0,11118.0,13805.0,10660.0,8276.0,7606.0,7549.0
307,18365,16057,13363,9623,7510,15163,13394,12977,7696,6356,3202,2663,386,1927,1154,9332,radiant,17737.0,14846.0,15819.0,13654.0,13557.0,12985.0,9614.0,7845.0,7398.0,6524.0
308,18683,13476,12392,11626,9126,16228,14462,13200,8943,7356,2455,-986,-808,2683,1770,5114,radiant,18566.0,16560.0,13353.0,14323.0,12114.0,13266.0,11143.0,9192.0,9229.0,7394.0
309,18773,17524,15090,7219,6571,19536,18202,14875,10708,8520,-763,-678,215,-3489,-1949,-6664,dire,18756.0,18496.0,17197.0,18238.0,14663.0,13965.0,7347.0,9071.0,6498.0,8273.0
310,15226,15012,14630,12014,10368,19434,18692,17759,13839,11672,-4208,-3680,-3129,-1825,-1304,-14146,dire,15597.0,19154.0,15365.0,18143.0,14932.0,17471.0,12248.0,13665.0,10394.0,11474.0
311,14666,16591,10909,8493,6485,17848,16586,13753,8205,8070,-3182,5,-2844,288,-1585,-7318,radiant,14912.0,17684.0,16537.0,16741.0,10979.0,13896.0,8488.0,8255.0,6588.0,8138.0
312,20638,13695,14264,8194,8575,18368,15875,11218,13102,7440,2270,-2180,3046,-4908,1135,-637,radiant,20901.0,18307.0,13722.0,15838.0,14163.0,10756.0,8064.0,13023.0,8647.0,7519.0
313,19060,18096,14664,8015,6629,15375,13021,11680,7490,6390,3685,5075,2984,525,239,12508,radiant,19094.0,14911.0,17973.0,12810.0,14666.0,11620.0,7778.0,7766.0,6656.0,6636.0
314,15180,12554,13150,7571,7253,18624,16257,14496,12331,9920,-3444,-3703,-1346,-4760,-2667,-15920,radiant,15131.0,18943.0,12421.0,16470.0,13345.0,14469.0,7628.0,12155.0,7420.0,9644.0
315,17256,14754,14329,6913,6216,16387,14854,9927,7994,7539,869,-100,4402,-1081,-1323,2767,radiant,17653.0,16091.0,14315.0,15012.0,13984.0,9793.0,6817.0,7744.0,6248.0,7445.0
316,17525,16176,15095,9155,8175,21596,16189,11476,7427,7235,-4071,-13,3619,1728,940,2203,radiant,17216.0,21037.0,15831.0,15848.0,15224.0,11793.0,9148.0,7319.0,8265.0,7527.0
317,18175,16258,13911,11993,8439,15168,15360,13744,9717,7029,3007,898,167,2276,1410,7758,radiant,18047.0,15205.0,16215.0,15415.0,14133.0,13862.0,12179.0,9835.0,8511.0,7177.0
318,18691,18276,17814,9843,9339,15669,13171,13279,10097,8201,3022,5105,4535,-254,1138,13546,radiant,18465.0,14985.0,17468.0,12434.0,17219.0,13339.0,9899.0,9894.0,9097.0,7081.0
319,16370,15029,16683,9224,8597,16086,15564,11722,9163,6435,284,-535,4961,61,2162,6933,dire,16613.0,15736.0,14518.0,14910.0,16888.0,11601.0,9203.0,9023.0,8533.0,6507.0
320,19811,10967,10947,9118,7626,24289,17325,14457,14326,12307,-4478,-6358,-3510,-5208,-4681,-24235,dire,19975.0,23464.0,10654.0,17138.0,11124.0,14280.0,9037.0,13426.0,7345.0,12473.0
321,22648,16702,13513,13507,10507,18112,15794,12419,9045,8789,4536,908,1094,4462,1718,12718,radiant,21642.0,17590.0,16550.0,15907.0,13410.0,12598.0,13361.0,9131.0,10398.0,8829.0
322,16981,17051,10763,9182,6223,22798,17776,13288,10669,8429,-5817,-725,-2525,-1487,-2206,-12760,dire,15419.0,21927.0,17301.0,17779.0,10646.0,13285.0,9479.0,10725.0,6433.0,8492.0
323,16847,16431,14097,8752,7930,16623,18521,11578,9765,7920,224,-2090,2519,-1013,10,-350,radiant,17316.0,15977.0,16766.0,17718.0,13931.0,11368.0,8757.0,9663.0,8220.0,7532.0
324,18847,17479,15837,12638,9659,15383,15587,11037,7408,6705,3464,1892,4800,5230,2954,18340,radiant,18437.0,15077.0,17043.0,15238.0,15449.0,10475.0,12217.0,7141.0,9445.0,6619.0
325,22690,17771,15791,9494,9449,15564,10627,10282,8839,5062,7126,7144,5509,655,4387,24821,radiant,21374.0,15122.0,17129.0,10884.0,14880.0,10051.0,8993.0,8829.0,9016.0,4889.0
326,17629,14310,11652,9271,6966,16766,17085,18698,9193,8913,863,-2775,-7046,78,-1947,-10827,dire,17853.0,16406.0,14038.0,16738.0,11762.0,17957.0,9492.0,9186.0,7189.0,8946.0
327,16831,15147,13334,10708,8918,17497,17949,15261,9154,6559,-666,-2802,-1927,1554,2359,-1482,radiant,17386.0,17365.0,15227.0,18172.0,13257.0,15429.0,10517.0,9487.0,9223.0,6687.0
328,14330,13989,13082,8175,6500,20578,20073,17395,9387,8057,-6248,-6084,-4313,-1212,-1557,-19414,dire,14729.0,20388.0,14231.0,19763.0,13014.0,17351.0,8344.0,9487.0,6553.0,8185.0
329,17392,16957,12981,9924,7816,19562,15735,13179,8735,7808,-2170,1222,-198,1189,8,51,dire,17849.0,19140.0,17153.0,15447.0,12838.0,13265.0,10033.0,8899.0,8004.0,7758.0
330,19004,17113,16320,12215,11150,18187,16650,12778,9652,10929,817,463,3542,2563,221,7606,radiant,18957.0,18193.0,17170.0,16029.0,15990.0,12289.0,12133.0,9616.0,11503.0,10736.0
331,17312,14686,11351,8687,10040,19475,15641,13283,8752,8782,-2163,-955,-1932,-65,1258,-3857,dire,17398.0,19419.0,14358.0,15887.0,11559.0,13070.0,8502.0,9118.0,10224.0,9132.0
332,16295,12967,12132,8787,8781,19131,17828,13706,12845,10261,-2836,-4861,-1574,-4058,-1480,-14809,dire,16435.0,19204.0,13131.0,18048.0,12233.0,13901.0,8982.0,13069.0,8850.0,10293.0
333,14842,12279,14280,10086,8569,13929,13627,11675,7265,7875,913,-1348,2605,2821,694,5685,dire,14932.0,13696.0,12252.0,13705.0,14715.0,11825.0,10457.0,7656.0,8899.0,8031.0
334,15866,12020,11728,9278,6924,16331,15886,12736,9212,7945,-465,-3866,-1008,66,-1021,-6294,radiant,15633.0,16384.0,11609.0,15309.0,11345.0,12553.0,8851.0,9096.0,6754.0,7919.0
335,20077,15463,14156,12439,8752,16580,11905,12102,7516,5503,3497,3558,2054,4923,3249,17281,radiant,20234.0,16295.0,15804.0,11962.0,14282.0,11947.0,12671.0,7716.0,8808.0,5679.0
336,17057,13878,14417,8734,8258,17266,12396,13639,10586,8332,-209,1482,778,-1852,-74,125,dire,17120.0,17013.0,13936.0,12363.0,14348.0,13320.0,9001.0,10743.0,8384.0,8097.0
337,19603,18620,17444,8366,8083,19379,16752,12017,8655,7894,224,1868,5427,-289,189,7419,radiant,19255.0,18568.0,19248.0,16911.0,17436.0,11760.0,8292.0,7904.0,8167.0,7128.0
338,20105,16248,14785,11270,9068,19585,14961,13473,10977,6646,520,1287,1312,293,2422,5834,dire,20156.0,19428.0,16017.0,14446.0,14839.0,13304.0,11556.0,11074.0,8970.0,6623.0
339,19111,16113,13845,11556,8923,17577,17540,12681,10194,9892,1534,-1427,1164,1362,-969,1664,radiant,18322.0,17626.0,16258.0,17523.0,14019.0,12775.0,11386.0,10063.0,8949.0,10163.0
340,17094,15362,15205,12348,10267,14018,13038,9810,6030,5803,3076,2324,5395,6318,4464,21577,radiant,17112.0,13561.0,15408.0,12799.0,14746.0,9332.0,12507.0,5959.0,10182.0,6074.0
341,16610,11073,11961,9195,6579,16217,13203,12107,7516,6948,393,-2130,-146,1679,-369,-573,dire,16569.0,15946.0,10893.0,13190.0,11846.0,12122.0,9388.0,7495.0,6720.0,7165.0
342,19999,13949,13526,10385,7685,15187,15367,9795,10083,6878,4812,-1418,3731,302,807,8234,radiant,19895.0,15881.0,13930.0,15730.0,13634.0,10057.0,10111.0,10388.0,7891.0,7098.0
343,16000,15921,14418,9312,6620,18666,16595,14933,10112,7030,-2666,-674,-515,-800,-410,-5065,dire,15904.0,18500.0,15395.0,16608.0,14499.0,14539.0,9523.0,10002.0,6865.0,7218.0
344,19305,14041,9627,7004,6395,22795,18013,13016,10668,8826,-3490,-3972,-3389,-3664,-2431,-16946,dire,19363.0,22791.0,14116.0,17992.0,9704.0,12843.0,7082.0,10855.0,6381.0,8926.0
345,16530,13642,12826,9437,8610,21820,18151,13728,10957,10326,-5290,-4509,-902,-1520,-1716,-13937,dire,16353.0,21290.0,13897.0,16846.0,12690.0,12919.0,8971.0,10581.0,8099.0,9794.0
346,23782,14769,14942,11493,8936,16050,15108,12917,7083,8829,7732,-339,2025,4410,107,13935,radiant,23460.0,16062.0,14979.0,14957.0,14603.0,12980.0,11145.0,7315.0,8836.0,8967.0
347,20486,14486,16022,11269,7936,17580,12883,13001,9499,8532,2906,1603,3021,1770,-596,8704,radiant,20422.0,17683.0,14120.0,12692.0,16144.0,12962.0,11473.0,9485.0,8065.0,8702.0
348,16595,16277,12530,9411,7284,20034,17538,18386,11477,9099,-3439,-1261,-5856,-2066,-1815,-14437,dire,16359.0,19902.0,15889.0,17192.0,12379.0,18368.0,9453.0,11660.0,7470.0,9414.0
349,21687,16780,14964,10601,7784,18186,15826,13691,11690,8261,3501,954,1273,-1089,-477,4162,dire,21905.0,18286.0,16969.0,15266.0,15162.0,13728.0,10704.0,11932.0,7809.0,8368.0
350,20826,15355,14577,12523,7641,16293,14085,12198,8321,7374,4533,1270,2379,4202,267,12651,radiant,19776.0,16563.0,14343.0,14339.0,14089.0,12099.0,12028.0,8297.0,7278.0,7520.0
351,17917,19055,14488,9359,8514,20140,16446,13113,9275,9007,-2223,2609,1375,84,-493,1352,radiant,17691.0,19910.0,18868.0,16552.0,14299.0,12951.0,9552.0,9308.0,8570.0,9312.0
352,21319,17763,12890,8895,6634,19444,17429,15419,8437,7634,1875,334,-2529,458,-1000,-862,radiant,21085.0,18643.0,17733.0,17033.0,12601.0,14935.0,9129.0,8188.0,6761.0,7630.0
353,18125,16375,15376,8375,8126,20804,13588,16361,11121,10299,-2679,2787,-985,-2746,-2173,-5796,radiant,18038.0,20648.0,16005.0,13467.0,14868.0,16317.0,8338.0,11335.0,7803.0,10608.0
354,14844,16449,15031,11761,9240,22135,15677,12765,9881,6098,-7291,772,2266,1880,3142,769,dire,14760.0,22843.0,16607.0,16120.0,15160.0,13014.0,11908.0,9643.0,9036.0,6305.0
355,18971,16378,13056,14123,9015,18764,11337,11656,7912,8779,207,5041,1400,6211,236,13095,dire,18290.0,19044.0,16698.0,11275.0,12914.0,11604.0,14224.0,8046.0,9261.0,8800.0
356,16717,11924,13023,9428,8952,18292,18160,16265,14024,10043,-1575,-6236,-3242,-4596,-1091,-16740,dire,16467.0,18142.0,12136.0,17604.0,13297.0,16244.0,9681.0,13646.0,9202.0,9720.0
357,14849,13187,12982,10869,9347,20248,16881,17199,11108,8744,-5399,-3694,-4217,-239,603,-12946,dire,14764.0,20090.0,12819.0,17067.0,13261.0,17031.0,10654.0,11113.0,9600.0,8802.0
358,16839,15688,14670,11719,8325,18263,15623,13918,9506,7300,-1424,65,752,2213,1025,2631,radiant,17245.0,16542.0,15666.0,15612.0,14959.0,13693.0,11705.0,9288.0,8458.0,7036.0
359,13366,11861,11371,10000,8775,24660,16944,15804,13880,11034,-11294,-5083,-4433,-3880,-2259,-26949,dire,13554.0,24445.0,11221.0,16968.0,11359.0,15543.0,9927.0,14251.0,8572.0,11313.0
360,19413,14269,10126,6727,6903,24349,14830,13718,9732,9203,-4936,-561,-3592,-3005,-2300,-14394,dire,20149.0,23454.0,14423.0,14515.0,10231.0,13515.0,6991.0,9405.0,7015.0,8498.0
361,21474,19967,17422,11877,9438,18036,13171,11672,7897,8288,3438,6796,5750,3980,1150,21114,radiant,21196.0,18405.0,20061.0,13357.0,16783.0,11991.0,11843.0,8195.0,9327.0,8328.0
362,23964,18501,17365,9710,8680,12992,11478,10899,8771,5875,10972,7023,6466,939,2805,28205,radiant,23640.0,12908.0,18111.0,11605.0,17304.0,10471.0,9795.0,9041.0,8330.0,6064.0
363,16143,14425,13808,9712,9491,22448,16626,16070,9154,7488,-6305,-2201,-2262,558,2003,-8207,dire,15782.0,22559.0,14561.0,16968.0,13504.0,16748.0,9258.0,9110.0,9644.0,7526.0
364,19900,15597,14412,12387,7886,16728,14174,14366,8854,8166,3172,1423,46,3533,-280,7894,radiant,19690.0,16633.0,15705.0,14244.0,14320.0,14047.0,12514.0,9144.0,8040.0,8359.0
365,20429,15962,13612,10278,7135,17773,18857,16341,10482,7652,2656,-2895,-2729,-204,-517,-3689,radiant,19205.0,18000.0,14782.0,18934.0,13435.0,16416.0,9541.0,10898.0,6737.0,7835.0
366,19292,14158,12543,8527,7754,18582,15269,13101,14250,9244,710,-1111,-558,-5723,-1490,-8172,dire,19149.0,17902.0,13922.0,15215.0,12214.0,13319.0,8135.0,13646.0,7403.0,9043.0
367,16969,14983,13467,10237,7133,26895,18453,18024,12286,9090,-9926,-3470,-4557,-2049,-1957,-21959,dire,16966.0,26004.0,15231.0,18210.0,13769.0,17293.0,10539.0,11536.0,7388.0,8664.0
368,18307,14872,14950,9419,7275,15054,13793,13286,8048,7216,3253,1079,1664,1371,59,7426,dire,18366.0,14551.0,14579.0,13692.0,14954.0,13105.0,9333.0,8064.0,7322.0,7094.0
369,19806,14830,12622,9819,7592,19750,14898,14792,8733,8921,56,-68,-2170,1086,-1329,-2425,dire,19349.0,19757.0,14494.0,14970.0,12652.0,14943.0,9736.0,8967.0,7434.0,9150.0
370,14193,13480,13046,10271,7210,18388,15937,13716,10738,9379,-4195,-2457,-670,-467,-2169,-9958,dire,14207.0,18485.0,13843.0,15927.0,12796.0,13961.0,10182.0,10907.0,7344.0,9595.0
371,19400,14975,14084,10689,8794,22162,13042,12230,8132,7196,-2762,1933,1854,2557,1598,5180,radiant,19484.0,22450.0,14908.0,12709.0,14029.0,12459.0,10904.0,8349.0,9053.0,7225.0
372,19943,14370,13124,9734,7874,19554,15437,15130,7673,6631,389,-1067,-2006,2061,1243,620,radiant,19014.0,19897.0,13323.0,15264.0,12887.0,15210.0,8736.0,7793.0,7375.0,6837.0
373,22573,18235,13976,13639,9842,18254,16983,16066,9167,8349,4319,1252,-2090,4472,1493,9446,radiant,21248.0,18269.0,17441.0,17406.0,14063.0,15350.0,13551.0,8826.0,9240.0,8298.0
374,16145,14943,16251,8314,7898,14268,14352,13518,10239,8808,1877,591,2733,-1925,-910,2366,radiant,16338.0,14523.0,14299.0,14272.0,15943.0,13821.0,7742.0,10147.0,7818.0,8899.0
375,16718,16428,14738,7475,7837,19956,18249,14551,10782,8200,-3238,-1821,187,-3307,-363,-8542,dire,17017.0,19038.0,16213.0,17860.0,14772.0,14659.0,7343.0,10915.0,7486.0,8327.0
376,22822,16919,12922,11522,7953,20818,13931,13079,7879,7097,2004,2988,-157,3643,856,9334,radiant,22835.0,21274.0,16842.0,14066.0,12846.0,13511.0,11490.0,7971.0,8106.0,7390.0
377,15242,15895,14553,9581,9572,17379,15888,14819,9381,8155,-2137,7,-266,200,1417,-779,dire,15560.0,17673.0,16168.0,16166.0,14483.0,15036.0,9692.0,9535.0,9906.0,8325.0
378,19262,18216,15520,9559,8760,18924,19152,17282,10606,6823,338,-936,-1762,-1047,1937,-1470,dire,18406.0,19319.0,17904.0,19455.0,15881.0,17051.0,9201.0,10138.0,8728.0,7081.0
379,22214,22194,16312,9747,9789,18677,15562,15125,9424,6964,3537,6632,1187,323,2825,14504,radiant,22240.0,18528.0,22356.0,15429.0,16426.0,15101.0,10068.0,9483.0,10128.0,7147.0
380,17522,17203,16990,14737,6378,17958,16157,16610,11820,9454,-436,1046,380,2917,-3076,831,dire,17757.0,17490.0,17784.0,15996.0,17230.0,16000.0,14919.0,10608.0,6581.0,8623.0
381,20303,17398,15348,12370,10388,18249,12617,12033,10813,7944,2054,4781,3315,1557,2444,14151,radiant,19929.0,17804.0,17412.0,12691.0,15471.0,11837.0,12568.0,11014.0,10343.0,7728.0
382,20270,18958,12983,8350,4661,18353,14641,14306,9803,6918,1917,4317,-1323,-1453,-2257,1201,radiant,21109.0,18152.0,19625.0,14370.0,13018.0,14599.0,8711.0,10201.0,4849.0,7193.0
383,17927,16200,13146,12560,9128,20103,12162,10414,8173,6012,-2176,4038,2732,4387,3116,12097,radiant,18303.0,19984.0,16290.0,12456.0,13419.0,10577.0,12771.0,8179.0,9405.0,6183.0
384,16754,15049,10477,11850,6877,21705,15707,14997,10190,9873,-4951,-658,-4520,1660,-2996,-11465,radiant,16556.0,21394.0,14841.0,15486.0,10707.0,14572.0,11719.0,10003.0,7011.0,10140.0
385,16568,16091,13282,7248,6352,21205,14642,15671,13699,8332,-4637,1449,-2389,-6451,-1980,-14008,dire,16369.0,20597.0,16013.0,14383.0,13519.0,15323.0,7271.0,13640.0,6428.0,8173.0
386,17838,14678,13281,7611,6171,16352,14648,15280,10913,7623,1486,30,-1999,-3302,-1452,-5237,dire,17837.0,16619.0,14284.0,14430.0,12963.0,15620.0,7420.0,11256.0,6371.0,7658.0
387,21039,18209,13905,9694,9467,19549,13226,12655,8504,6624,1490,4983,1250,1190,2843,11756,radiant,21251.0,19262.0,17904.0,12790.0,13736.0,12196.0,9653.0,8637.0,9497.0,6729.0
388,14297,14804,14237,10535,7151,20128,16030,13374,10809,7455,-5831,-1226,863,-274,-304,-6772,radiant,13741.0,20202.0,14766.0,15593.0,13951.0,13537.0,10576.0,11081.0,7171.0,7747.0
389,19149,18703,18482,11252,6578,21095,18344,16439,10695,9434,-1946,359,2043,557,-2856,-1843,radiant,19806.0,20564.0,17467.0,18260.0,18031.0,16472.0,10319.0,10401.0,6814.0,9523.0
390,17306,15750,14750,8535,8163,17107,17575,14378,9653,8998,199,-1825,372,-1118,-835,-3207,radiant,17162.0,17375.0,15407.0,17372.0,14759.0,14245.0,8776.0,9531.0,8239.0,8808.0
391,15700,14167,14500,7619,7218,19573,14039,13192,10500,7835,-3873,128,1308,-2881,-617,-5935,dire,14775.0,18539.0,13987.0,13952.0,14426.0,13008.0,7714.0,9605.0,7046.0,7654.0
392,22913,14161,14113,12619,12284,22712,15153,11308,9203,7163,201,-992,2805,3416,5121,10551,radiant,23620.0,22796.0,14175.0,15549.0,13875.0,11565.0,12249.0,9435.0,12144.0,7409.0
393,16093,16015,14829,8515,6987,16846,15554,12256,12791,10309,-753,461,2573,-4276,-3322,-5317,dire,16318.0,16463.0,15934.0,15667.0,15126.0,12630.0,8684.0,13006.0,6970.0,10555.0
394,20008,15761,15725,14867,7938,15943,14647,11337,6908,7268,4065,1114,4388,7959,670,18196,radiant,19308.0,15717.0,15823.0,14777.0,15503.0,11385.0,15174.0,6998.0,7819.0,7221.0
395,18276,18771,11708,12227,9877,16667,16861,15182,12482,11182,1609,1910,-3474,-255,-1305,-1515,radiant,16070.0,16721.0,18080.0,17149.0,12218.0,15231.0,11882.0,12825.0,10277.0,11246.0
396,17191,15840,13107,9347,8081,17141,15135,14321,7350,6582,50,705,-1214,1997,1499,3037,radiant,17094.0,17402.0,15721.0,15248.0,13335.0,14092.0,9061.0,7305.0,8142.0,6716.0
397,23259,21482,17554,13081,8706,22491,13011,10779,11920,8160,768,8471,6775,1161,546,17721,radiant,22030.0,23108.0,19804.0,13304.0,16539.0,11255.0,11621.0,12307.0,7052.0,8266.0
398,19278,18899,15762,12443,9217,17896,16095,12119,7253,7474,1382,2804,3643,5190,1743,14762,radiant,19640.0,17570.0,19034.0,15650.0,15425.0,12265.0,12558.0,7424.0,9164.0,7371.0
399,19156,13426,14599,7432,7447,16731,15009,12904,7707,8126,2425,-1583,1695,-275,-679,1583,dire,19450.0,16311.0,13525.0,14719.0,14938.0,12715.0,7685.0,7634.0,7633.0,7708.0
400,16194,14981,11189,6297,7189,16959,17366,13925,10576,9469,-765,-2385,-2736,-4279,-2280,-12445,dire,16486.0,16507.0,14522.0,17376.0,10973.0,13662.0,6538.0,9808.0,6661.0,9223.0
401,20319,18557,16342,10509,9356,15802,14827,14782,7566,7073,4517,3730,1560,2943,2283,15033,radiant,19826.0,15720.0,17906.0,14682.0,15623.0,15013.0,10939.0,6914.0,9223.0,7304.0
402,19615,17556,15756,9276,7935,13102,13104,11160,7293,6916,6513,4452,4596,1983,1019,18563,radiant,19887.0,12956.0,17816.0,12971.0,15793.0,11144.0,9374.0,6855.0,8107.0,7013.0
403,10862,14309,9849,6897,5547,17539,12774,12219,7573,7269,-6677,1535,-2370,-676,-1722,-9910,dire,10662.0,17674.0,14326.0,12705.0,9710.0,12593.0,6945.0,7651.0,5572.0,7488.0
404,17544,13363,11491,10030,7424,16049,10345,8013,6968,5943,1495,3018,3478,3062,1481,12534,radiant,17661.0,15292.0,13309.0,10186.0,11645.0,8001.0,10249.0,6868.0,7413.0,5848.0
405,16798,15467,15944,9248,7845,15177,13732,12917,8297,7883,1621,1735,3027,951,-38,7296,radiant,16524.0,15285.0,14927.0,13905.0,15490.0,12825.0,9004.0,8312.0,7568.0,7955.0
406,16184,15698,12076,9963,7733,16378,15238,12787,8849,8156,-194,460,-711,1114,-423,246,dire,15958.0,16474.0,15200.0,15476.0,11872.0,12908.0,10086.0,9103.0,7512.0,8256.0
407,14556,11193,9990,8411,6126,18919,14696,14082,8331,6963,-4363,-3503,-4092,80,-837,-12715,dire,14492.0,17864.0,11372.0,14877.0,10132.0,13713.0,8534.0,8177.0,6321.0,6491.0
408,18425,16668,13910,8380,9012,18168,14532,15505,9742,12588,257,2136,-1595,-1362,-3576,-4140,radiant,16190.0,17681.0,16095.0,14334.0,12871.0,15628.0,8359.0,9715.0,8878.0,12794.0
409,22102,13618,13573,9867,8114,15223,15653,15411,11179,9431,6879,-2035,-1838,-1312,-1317,377,radiant,21632.0,15007.0,13613.0,15333.0,13396.0,15784.0,9811.0,11337.0,7876.0,9699.0
410,15391,13862,13475,10164,7411,21058,16853,14348,9052,10115,-5667,-2991,-873,1112,-2704,-11123,dire,15408.0,21042.0,13738.0,16361.0,13460.0,14439.0,10091.0,9062.0,7571.0,10280.0
411,20816,13333,13748,8375,8710,18248,15758,11869,10452,9387,2568,-2425,1879,-2077,-677,-732,dire,20456.0,18312.0,13629.0,15832.0,14013.0,12231.0,8463.0,10437.0,8919.0,9281.0
412,23351,17411,14449,11741,9309,16074,14578,13342,10870,8518,7277,2833,1107,871,791,12879,radiant,24163.0,16051.0,17785.0,13626.0,13720.0,13597.0,11721.0,9544.0,9156.0,8359.0
413,22234,15779,11258,10788,10129,17129,14398,13564,10650,8907,5105,1381,-2306,138,1222,5540,radiant,20738.0,17346.0,15854.0,14800.0,11353.0,13923.0,10207.0,10947.0,9474.0,9107.0
414,19340,15239,10092,9609,6170,23478,20670,15191,12464,8387,-4138,-5431,-5099,-2855,-2217,-19740,dire,17432.0,23122.0,15327.0,20550.0,8975.0,15068.0,9811.0,12528.0,5872.0,8416.0
415,23681,15593,14042,11810,10531,18584,15232,10816,7666,7318,5097,361,3226,4144,3213,16041,radiant,22958.0,18495.0,15728.0,15680.0,13994.0,11001.0,11836.0,7740.0,10275.0,7462.0
416,18442,14326,14005,8059,7432,22274,17756,15729,8301,5716,-3832,-3430,-1724,-242,1716,-7512,dire,18230.0,21943.0,14062.0,17561.0,14196.0,15614.0,8042.0,8000.0,7578.0,5804.0
417,17863,16943,16463,12087,11524,15428,14120,13875,9867,9246,2435,2823,2588,2220,2278,12344,radiant,17693.0,15815.0,16570.0,14412.0,15740.0,14212.0,11690.0,9982.0,11350.0,9576.0
418,19462,15572,13508,13140,9801,18171,14503,13688,9873,9309,1291,1069,-180,3267,492,5939,dire,18909.0,18278.0,15786.0,14831.0,13454.0,13944.0,13173.0,9752.0,9670.0,9605.0
419,16935,12699,12978,9462,8487,22733,17311,14543,11163,10602,-5798,-4612,-1565,-1701,-2115,-15791,dire,17458.0,22937.0,13087.0,16831.0,13045.0,13956.0,9413.0,10436.0,8742.0,10249.0
420,19089,13091,11026,13862,7688,21775,14777,13279,10600,11613,-2686,-1686,-2253,3262,-3925,-7288,radiant,19498.0,21797.0,13293.0,14387.0,11014.0,13569.0,14162.0,10519.0,7933.0,12045.0
421,22007,16861,13575,10361,9191,19705,13800,12317,8865,7188,2302,3061,1258,1496,2003,10120,radiant,20400.0,19110.0,16494.0,13897.0,12798.0,12631.0,9881.0,8842.0,8646.0,7416.0
422,18075,16271,15485,10192,8307,17628,14640,13268,10458,6860,447,1631,2217,-266,1447,5476,dire,18244.0,18205.0,16471.0,15047.0,15725.0,13177.0,10374.0,10790.0,8537.0,7063.0
423,24341,16772,14532,11298,8232,18072,16106,13345,7462,6211,6269,666,1187,3836,2021,13979,radiant,24446.0,18140.0,17066.0,15675.0,14050.0,13514.0,11328.0,7669.0,8341.0,6476.0
424,14957,16067,13112,9192,8046,17271,14604,14295,10531,11886,-2314,1463,-1183,-1339,-3840,-7213,radiant,14687.0,17327.0,15745.0,14381.0,13159.0,14425.0,9171.0,10389.0,7887.0,12415.0
425,22663,16300,13603,9862,6376,19897,18064,18152,8753,8259,2766,-1764,-4549,1109,-1883,-4321,radiant,22477.0,19788.0,15878.0,18708.0,13525.0,17565.0,9487.0,9045.0,6188.0,8393.0
426,30868,16784,9585,7658,7618,18252,17985,11170,8439,7111,12616,-1201,-1585,-781,507,9556,radiant,30100.0,18005.0,15886.0,18233.0,9125.0,11386.0,7123.0,8416.0,7094.0,7024.0
427,15374,16924,11927,11977,8023,23096,18707,14383,9018,6997,-7722,-1783,-2456,2959,1026,-7976,dire,15260.0,23064.0,16969.0,18903.0,12133.0,14376.0,12170.0,9160.0,8149.0,7162.0
428,20493,15483,12306,13466,7617,20744,13904,14701,9764,7940,-251,1579,-2395,3702,-323,2312,radiant,20621.0,20969.0,15592.0,13502.0,11877.0,14621.0,13278.0,9964.0,7877.0,8195.0
429,28538,16628,10391,10250,8048,17138,12446,13068,8437,8484,11400,4182,-2677,1813,-436,14282,dire,28715.0,17330.0,16434.0,12167.0,10273.0,13416.0,9934.0,8438.0,8061.0,8740.0
430,18595,13703,14472,14900,8087,20756,16742,12492,7430,7539,-2161,-3039,1980,7470,548,4798,radiant,19095.0,20175.0,13932.0,15645.0,14305.0,12098.0,14255.0,7040.0,8261.0,7035.0
431,21069,19197,13655,10330,7759,21967,20471,14167,8147,6280,-898,-1274,-512,2183,1479,978,dire,21233.0,22562.0,18553.0,20098.0,13863.0,14548.0,10588.0,8338.0,7815.0,6430.0
432,18889,14811,15290,11077,10659,14930,13087,10737,10322,5997,3959,1724,4553,755,4662,15653,radiant,19158.0,14619.0,14843.0,13595.0,15807.0,11058.0,11239.0,10620.0,10654.0,6168.0
433,19743,17957,16913,12935,7575,21211,19613,14534,8838,5554,-1468,-1656,2379,4097,2021,5373,radiant,19383.0,20398.0,17187.0,18965.0,16532.0,14263.0,12361.0,8838.0,7300.0,5791.0
434,23558,14604,13469,8407,7226,14489,16743,14686,7403,7995,9069,-2139,-1217,1004,-769,5948,radiant,22901.0,14114.0,14968.0,16362.0,13427.0,14493.0,8378.0,7337.0,7382.0,8033.0
435,18330,16186,11318,8641,6421,21318,14905,14525,12664,9021,-2988,1281,-3207,-4023,-2600,-11537,dire,17917.0,21141.0,15312.0,15409.0,11041.0,14033.0,8362.0,13021.0,6351.0,9072.0
436,18108,16409,12447,8392,6683,19238,15163,12751,9801,8357,-1130,1246,-304,-1409,-1674,-3271,dire,18145.0,19075.0,15714.0,14374.0,12386.0,12599.0,7989.0,9298.0,6685.0,8060.0
437,19581,17627,14377,10091,8046,22362,23628,16031,11003,9657,-2781,-6001,-1654,-912,-1611,-12959,dire,19930.0,22473.0,17375.0,23810.0,13973.0,15471.0,10155.0,11170.0,8291.0,9607.0
438,18479,17060,14502,7757,6876,18347,14819,11444,7927,6297,132,2241,3058,-170,579,5840,radiant,18830.0,18639.0,17023.0,14521.0,14256.0,11576.0,7810.0,7995.0,7082.0,6529.0
439,15978,15018,14488,9854,6536,25817,20996,14178,9821,9744,-9839,-5978,310,33,-3208,-18682,dire,16279.0,25084.0,15007.0,20716.0,14977.0,14289.0,9671.0,9685.0,6535.0,9365.0
440,22342,20769,17104,13396,7983,25753,19480,13700,10601,8902,-3411,1289,3404,2795,-919,3158,radiant,20841.0,26076.0,20782.0,20067.0,16824.0,14075.0,13402.0,10690.0,8050.0,9071.0
441,16444,10287,10242,8805,6134,17495,17906,13547,10198,9856,-1051,-7619,-3305,-1393,-3722,-17090,dire,15062.0,17277.0,9944.0,17829.0,9953.0,13841.0,8584.0,10039.0,5896.0,9254.0
442,19342,16417,15623,10590,10583,18549,13599,12225,9570,6332,793,2818,3398,1020,4251,12280,radiant,19248.0,18633.0,16425.0,13595.0,15532.0,11586.0,10021.0,9514.0,10301.0,6573.0
443,19566,15314,13377,8529,7710,18349,17309,16582,12273,9886,1217,-1995,-3205,-3744,-2176,-9903,radiant,18447.0,18759.0,15010.0,17488.0,12713.0,16670.0,8212.0,12634.0,7445.0,10063.0
444,18477,13749,12782,9394,5983,20034,17886,13232,10719,9110,-1557,-4137,-450,-1325,-3127,-10596,dire,17707.0,19545.0,13546.0,17800.0,12597.0,12808.0,9318.0,10539.0,6011.0,8866.0
445,15824,14094,14069,8792,7364,20194,17633,16731,10007,9020,-4370,-3539,-2662,-1215,-1656,-13442,dire,15299.0,20340.0,13840.0,17267.0,13759.0,16607.0,8633.0,10278.0,7317.0,9246.0
446,17202,18209,14114,9785,7633,19627,13912,12655,10858,7486,-2425,4297,1459,-1073,147,2405,radiant,17570.0,19153.0,18442.0,13406.0,14440.0,12157.0,10128.0,10894.0,7873.0,7356.0
447,18431,12039,11464,9321,9144,17677,17241,18910,10720,10534,754,-5202,-7446,-1399,-1390,-14683,dire,18353.0,17572.0,12045.0,16569.0,11422.0,17968.0,9130.0,10444.0,9307.0,9914.0
448,19560,15034,14951,8448,7958,22607,14702,13112,8270,7319,-3047,332,1839,178,639,-59,dire,19832.0,22557.0,14892.0,14640.0,14509.0,13329.0,8395.0,8258.0,8078.0,7406.0
449,19045,18129,17831,10776,9334,12715,12023,11274,9833,6977,6330,6106,6557,943,2357,22293,radiant,19254.0,12708.0,18290.0,12322.0,17684.0,11275.0,10786.0,9763.0,9641.0,7087.0
450,16574,15572,18799,12890,7713,20345,13899,15030,14291,9873,-3771,1673,3769,-1401,-2160,-1890,dire,17038.0,19377.0,15354.0,13458.0,19311.0,14630.0,12879.0,13935.0,7907.0,9519.0
451,18497,15003,11317,10187,10153,19233,14553,13824,9512,7635,-736,450,-2507,675,2518,400,dire,18441.0,19285.0,15280.0,14642.0,11389.0,13574.0,10215.0,9608.0,10343.0,7675.0
452,17693,17314,17817,9918,9234,16996,14292,13242,10142,10404,697,3022,4575,-224,-1170,6900,radiant,17004.0,15683.0,17629.0,14602.0,17758.0,12914.0,9835.0,9343.0,8916.0,9968.0
453,20021,13062,13319,7546,6738,19319,17008,14757,11621,10403,702,-3946,-1438,-4075,-3665,-12422,dire,20260.0,19084.0,13182.0,16535.0,13319.0,14432.0,7774.0,11749.0,6895.0,10265.0
454,16880,14252,11534,8455,6459,23114,15265,13915,8968,9226,-6234,-1013,-2381,-513,-2767,-12908,dire,16785.0,22977.0,14430.0,15105.0,11504.0,14031.0,8333.0,8848.0,6467.0,9364.0
455,16899,16745,11518,10184,6568,18923,15440,11466,9672,8402,-2024,1305,52,512,-1834,-1989,radiant,16611.0,18345.0,16916.0,15503.0,11713.0,11171.0,10174.0,9240.0,6521.0,8418.0
456,14562,11027,9140,7454,5316,16583,16454,15092,11849,9186,-2021,-5427,-5952,-4395,-3870,-21665,dire,15018.0,16503.0,11344.0,16153.0,9352.0,14889.0,7740.0,11811.0,5516.0,9152.0
457,16313,15231,17276,12122,9959,19125,15225,14784,11137,8272,-2812,6,2492,985,1687,2358,radiant,16677.0,18531.0,15238.0,15116.0,17170.0,14178.0,12467.0,10822.0,10239.0,8258.0
458,15571,13521,13029,10607,7944,16834,16327,14748,7030,6934,-1263,-2806,-1719,3577,1010,-1201,dire,15528.0,16726.0,13337.0,16736.0,13186.0,14339.0,10289.0,7270.0,7833.0,7214.0
459,17721,13052,15109,8085,8171,14507,13401,12692,11029,8520,3214,-349,2417,-2944,-349,1989,radiant,16994.0,13691.0,12636.0,12204.0,14999.0,12389.0,7980.0,10863.0,7756.0,7504.0
460,20817,19839,15592,8384,7897,15492,18222,13606,7980,7175,5325,1617,1986,404,722,10054,radiant,20999.0,15379.0,19410.0,18148.0,15771.0,12986.0,8486.0,7699.0,7871.0,7065.0
461,17506,13863,12974,9340,7378,22952,15959,13151,10412,8559,-5446,-2096,-177,-1072,-1181,-9972,dire,17852.0,22431.0,13771.0,15945.0,12837.0,13246.0,9600.0,10210.0,7386.0,8559.0
462,17928,16588,14766,11061,10917,20850,18548,14044,7366,7013,-2922,-1960,722,3695,3904,3439,radiant,18325.0,20314.0,16752.0,18098.0,15115.0,13438.0,10967.0,7049.0,11271.0,6685.0
463,16705,16704,15155,12856,10095,17211,13094,13145,9947,7706,-506,3610,2010,2909,2389,10412,radiant,16494.0,17351.0,17138.0,13554.0,15500.0,12921.0,12851.0,10311.0,10232.0,8042.0
464,25059,17459,14694,11121,8522,14218,12288,11889,7782,6140,10841,5171,2805,3339,2382,24538,radiant,24960.0,14510.0,17388.0,12538.0,14812.0,12125.0,11303.0,7738.0,8443.0,6347.0
465,15248,13945,13551,12481,10878,18790,17776,14676,9203,9201,-3542,-3831,-1125,3278,1677,-3543,dire,15200.0,19476.0,13602.0,18408.0,13639.0,14821.0,12325.0,9545.0,10949.0,9556.0
466,16486,14203,12172,10340,6987,21644,16858,14069,12805,9228,-5158,-2655,-1897,-2465,-2241,-14416,dire,16753.0,20324.0,14166.0,16704.0,11729.0,13964.0,10617.0,12287.0,6835.0,9143.0
467,18933,17294,14051,11222,9527,15097,14331,12588,6689,6139,3836,2963,1463,4533,3388,16183,radiant,18424.0,15312.0,17102.0,14460.0,13885.0,12866.0,11312.0,6864.0,9163.0,6074.0
468,17702,15519,12630,10600,6587,23158,17986,17685,13143,9621,-5456,-2467,-5055,-2543,-3034,-18555,dire,17335.0,22961.0,15500.0,18078.0,12529.0,17552.0,9681.0,12496.0,6764.0,9340.0
469,22157,20982,18644,11801,11767,18657,16382,12206,6320,5818,3500,4600,6438,5481,5949,25968,radiant,21773.0,19296.0,20366.0,16608.0,18465.0,12385.0,11352.0,6142.0,11385.0,5918.0
470,21705,14287,11384,8287,8195,14219,14116,14439,7995,7542,7486,171,-3055,292,653,5547,radiant,20939.0,13951.0,13886.0,14024.0,11145.0,14626.0,8051.0,8243.0,8343.0,7743.0
471,19858,14661,13094,10250,7432,17992,18515,14968,9671,9442,1866,-3854,-1874,579,-2010,-5293,dire,19389.0,18300.0,14366.0,18160.0,13023.0,14903.0,10185.0,9653.0,7397.0,9346.0
472,13663,13149,15674,10461,8510,16360,17209,11198,11605,8402,-2697,-4060,4476,-1144,108,-3317,radiant,13716.0,16410.0,13272.0,17015.0,16001.0,11259.0,10624.0,11384.0,8314.0,8721.0
473,24984,22311,14663,9934,9620,14314,14050,12952,8595,7374,10670,8261,1711,1339,2246,24227,radiant,24097.0,14411.0,21151.0,14402.0,13792.0,13317.0,9447.0,8882.0,8899.0,7672.0
474,19980,16326,15920,9694,7952,19755,18008,14779,8887,8795,225,-1682,1141,807,-843,-352,dire,19915.0,19452.0,15969.0,18294.0,15882.0,14455.0,9737.0,8938.0,7921.0,8917.0
475,21503,19883,13702,11538,9874,17303,15741,14449,9842,9001,4200,4142,-747,1696,873,10164,radiant,21253.0,16937.0,19346.0,15281.0,13581.0,13815.0,11638.0,9402.0,9437.0,8936.0
476,18604,14335,14012,9820,6591,20129,21117,15577,13092,11078,-1525,-6782,-1565,-3272,-4487,-17631,dire,19138.0,18747.0,14685.0,19751.0,14348.0,14581.0,10121.0,11978.0,6778.0,9971.0
477,16241,16147,14613,9765,7744,20848,16641,15927,9897,9135,-4607,-494,-1314,-132,-1391,-7938,dire,16457.0,20191.0,16278.0,16032.0,15053.0,14872.0,9938.0,9179.0,7855.0,8534.0
478,18699,16571,15606,9993,6208,20628,16551,11977,16468,11824,-1929,20,3629,-6475,-5616,-10371,radiant,19216.0,20582.0,14669.0,15604.0,15070.0,12163.0,10332.0,16928.0,6281.0,11735.0
479,18032,15323,14505,12478,9067,21047,14875,9334,10787,7602,-3015,448,5171,1691,1465,5760,radiant,17200.0,21837.0,14994.0,14676.0,14242.0,9729.0,12310.0,10878.0,8940.0,7624.0
480,17018,14078,14030,10077,7696,18584,18380,16633,9879,9325,-1566,-4302,-2603,198,-1629,-9902,dire,17064.0,18129.0,14192.0,18324.0,14104.0,16275.0,10018.0,9791.0,7987.0,8939.0
481,16954,13183,11928,9053,8835,18404,14075,13767,9787,7651,-1450,-892,-1839,-734,1184,-3731,radiant,16258.0,18534.0,13362.0,13830.0,12357.0,13613.0,8777.0,9966.0,9043.0,7832.0
482,15638,14232,13640,7114,6827,19666,17007,16298,13070,10330,-4028,-2775,-2658,-5956,-3503,-18920,dire,15826.0,19572.0,14205.0,16941.0,13785.0,16361.0,7060.0,13401.0,6933.0,10634.0
483,14608,13499,13066,9513,6762,24103,17441,17153,13073,12583,-9495,-3942,-4087,-3560,-5821,-26905,dire,14010.0,24832.0,13298.0,16884.0,12796.0,17437.0,9436.0,12717.0,6712.0,12932.0
484,14315,13178,13062,7647,7280,19987,18301,15470,10666,10279,-5672,-5123,-2408,-3019,-2999,-19221,dire,14355.0,19109.0,12886.0,17916.0,13348.0,15322.0,7876.0,10813.0,7309.0,10153.0
485,22107,17983,16201,8981,8379,20441,17247,10251,7289,6693,1666,736,5950,1692,1686,11730,radiant,22394.0,21152.0,18279.0,17572.0,16555.0,10483.0,9235.0,7249.0,8669.0,6953.0
486,17582,15975,15896,8813,8748,20177,20581,14508,10969,8182,-2595,-4606,1388,-2156,566,-7403,dire,18128.0,20526.0,16177.0,21009.0,15516.0,14553.0,8806.0,10931.0,8762.0,8341.0
487,17323,14439,11706,8009,6548,13196,15087,13820,8204,8519,4127,-648,-2114,-195,-1971,-801,radiant,16951.0,13161.0,14727.0,15156.0,11616.0,13995.0,7927.0,8295.0,6689.0,8397.0
488,16066,14263,17127,8698,7548,18699,11731,11905,9479,7975,-2633,2532,5222,-781,-427,3913,radiant,14952.0,18546.0,13352.0,11713.0,16235.0,11380.0,8428.0,9460.0,7016.0,7829.0
489,19282,16953,14971,11232,10733,22729,18339,14680,10222,10476,-3447,-1386,291,1010,257,-3275,dire,19887.0,22767.0,16783.0,18297.0,15382.0,14862.0,11371.0,10485.0,10903.0,10796.0
490,16946,15948,11913,7883,6687,15106,17154,16485,11735,10334,1840,-1206,-4572,-3852,-3647,-11437,dire,16614.0,15308.0,15994.0,17001.0,12124.0,16426.0,8096.0,11442.0,6905.0,10334.0
491,17313,18081,16394,11282,11544,21973,16654,14925,9946,8431,-4660,1427,1469,1336,3113,2685,radiant,16513.0,21956.0,17525.0,16417.0,16574.0,15115.0,11662.0,10106.0,11701.0,8468.0
492,17136,14136,13091,10865,7810,20815,17668,17493,10152,9626,-3679,-3532,-4402,713,-1816,-12716,radiant,17425.0,21581.0,14164.0,18258.0,13459.0,17676.0,11183.0,10487.0,7985.0,9785.0
493,18547,19032,18502,12587,9956,17212,16608,15102,12301,8458,1335,2424,3400,286,1498,8943,radiant,18562.0,17681.0,19378.0,16507.0,18063.0,15460.0,12386.0,12423.0,9584.0,8653.0
494,18379,17139,16613,7991,6201,21563,18158,13867,11057,9538,-3184,-1019,2746,-3066,-3337,-7860,dire,19025.0,20938.0,17345.0,18398.0,16835.0,13848.0,8301.0,10935.0,6399.0,9001.0
495,21779,18559,14517,9676,9134,22027,14771,12312,12324,5710,-248,3788,2205,-2648,3424,6521,radiant,22521.0,22550.0,18713.0,15277.0,14108.0,12543.0,9936.0,12737.0,9164.0,5942.0
496,19278,12511,13197,10630,7718,21585,14571,14375,12882,8271,-2307,-2060,-1178,-2252,-553,-8350,radiant,18314.0,21753.0,12479.0,14601.0,12961.0,14548.0,10934.0,13119.0,7661.0,8597.0
497,15660,14883,11695,9769,7131,23626,17599,16110,8946,8720,-7966,-2716,-4415,823,-1589,-15863,dire,15607.0,23607.0,15130.0,17746.0,11779.0,15806.0,9646.0,9033.0,6877.0,8702.0
498,20892,15057,13156,7343,6964,22169,14319,14132,8139,7154,-1277,738,-976,-796,-190,-2501,dire,20446.0,21862.0,15291.0,13997.0,13195.0,13856.0,7586.0,8265.0,6998.0,6818.0
499,18727,20752,12751,9419,7875,20251,16097,15687,6870,6659,-1524,4655,-2936,2549,1216,3960,radiant,18407.0,21034.0,20667.0,16289.0,12817.0,15694.0,9483.0,6842.0,7901.0,6567.0
500,24063,14990,15632,8888,6171,19555,18257,17493,12010,10800,4508,-3267,-1861,-3122,-4629,-8371,dire,24807.0,19559.0,14757.0,17692.0,15359.0,17005.0,8973.0,12016.0,6304.0,10656.0
501,18392,18643,13975,10082,9251,21113,13408,13829,8622,7259,-2721,5235,146,1460,1992,6112,dire,18337.0,21582.0,17996.0,12719.0,13593.0,14137.0,9747.0,8918.0,8979.0,7405.0
502,18960,16608,16284,8726,8594,24358,17611,12056,9337,6752,-5398,-1003,4228,-611,1842,-942,dire,19401.0,23500.0,16651.0,17006.0,16604.0,11776.0,8879.0,9020.0,8848.0,6613.0
503,19794,16170,15584,8095,7787,18962,12528,12181,8572,7804,832,3642,3403,-477,-17,7383,radiant,19255.0,19247.0,15887.0,12535.0,14847.0,12264.0,8038.0,8549.0,7666.0,7940.0
504,16878,17480,11812,11215,8927,17704,13305,13203,11112,7151,-826,4175,-1391,103,1776,3837,dire,16406.0,17636.0,16717.0,13636.0,11822.0,13507.0,11227.0,11622.0,8623.0,7418.0
505,16194,16316,14511,8877,7379,19405,18582,15089,8937,7964,-3211,-2266,-578,-60,-585,-6700,dire,15982.0,18727.0,16124.0,18386.0,14949.0,15310.0,8908.0,8948.0,7613.0,7893.0
506,15018,14204,12574,9264,7169,20126,16850,14730,10554,9840,-5108,-2646,-2156,-1290,-2671,-13871,dire,15285.0,19981.0,14306.0,16763.0,12728.0,14659.0,9651.0,10656.0,6827.0,9948.0
507,15439,12254,13950,13420,9599,20189,17242,12421,9732,5987,-4750,-4988,1529,3688,3612,-909,radiant,15425.0,20087.0,12052.0,17199.0,13956.0,12175.0,13755.0,9403.0,9575.0,6067.0
508,17393,12972,15221,8770,6676,16737,17778,13720,10003,8729,656,-4806,1501,-1233,-2053,-5935,radiant,17019.0,16552.0,12824.0,17354.0,15343.0,13726.0,8811.0,9392.0,6840.0,8710.0
509,13185,12530,13474,9077,7273,20110,15061,13376,10923,8949,-6925,-2531,98,-1846,-1676,-12880,dire,13451.0,20075.0,12512.0,14886.0,13409.0,13567.0,9288.0,10971.0,7270.0,9068.0
510,18494,13247,11342,7283,6038,22190,14073,11812,8023,6914,-3696,-826,-470,-740,-876,-6608,dire,18794.0,20957.0,13366.0,13375.0,11024.0,11556.0,7181.0,8329.0,6194.0,7129.0
511,20633,17685,12720,8719,8169,13654,12510,13001,8915,6843,6979,5175,-281,-196,1326,13003,radiant,20261.0,13565.0,17557.0,12561.0,12437.0,13095.0,8837.0,9250.0,8336.0,7003.0
512,15957,14974,10143,7917,6271,20552,17577,16029,9889,9792,-4595,-2603,-5886,-1972,-3521,-18577,dire,15562.0,20102.0,14355.0,17615.0,10196.0,16125.0,8165.0,10058.0,6523.0,9928.0
513,13905,13044,12321,8043,7290,23559,17948,14525,9203,8429,-9654,-4904,-2204,-1160,-1139,-19061,dire,13710.0,24161.0,12934.0,17626.0,12328.0,14733.0,8061.0,9457.0,7050.0,8437.0
514,13755,11714,11407,8703,7280,24842,19366,15526,9977,9627,-11087,-7652,-4119,-1274,-2347,-26479,dire,14022.0,23425.0,12041.0,18771.0,11446.0,14674.0,8759.0,8786.0,7126.0,8924.0
515,24239,15941,11005,9474,8621,18985,12769,13549,11200,7217,5254,3172,-2544,-1726,1404,5560,dire,24092.0,19406.0,15828.0,12984.0,10972.0,13475.0,9522.0,11045.0,8832.0,7439.0
516,22273,14928,12343,9459,7550,19331,19853,17863,10773,8534,2942,-4925,-5520,-1314,-984,-9801,radiant,22285.0,19100.0,15207.0,19563.0,12467.0,17132.0,9664.0,10717.0,7432.0,8563.0
517,17373,13440,11963,10004,9555,18095,17352,14202,10451,11749,-722,-3912,-2239,-447,-2194,-9514,radiant,17514.0,18631.0,13535.0,17970.0,11897.0,14193.0,10326.0,10710.0,9711.0,12153.0
518,20998,15748,16482,10015,9994,17249,13526,11421,9857,6478,3749,2222,5061,158,3516,14706,radiant,19962.0,17636.0,15130.0,13446.0,16209.0,11485.0,9354.0,9816.0,9804.0,6606.0
519,14338,13198,14473,10537,9171,15135,12580,11070,9452,7631,-797,618,3403,1085,1540,5849,radiant,14374.0,15464.0,13050.0,12806.0,14579.0,11215.0,10675.0,9779.0,9290.0,7878.0
520,20727,15343,14834,9870,7735,14602,14871,12476,6716,6046,6125,472,2358,3154,1689,13798,radiant,21110.0,14440.0,15074.0,14396.0,14935.0,12379.0,9521.0,6757.0,7754.0,6143.0
521,21218,18751,15375,12891,12213,17034,13026,13214,7753,5841,4184,5725,2161,5138,6372,23580,radiant,20008.0,17554.0,17913.0,13092.0,15243.0,13005.0,12550.0,7703.0,12109.0,5785.0
522,14776,13131,12396,8197,9080,21427,16872,13178,9346,9705,-6651,-3741,-782,-1149,-625,-12948,dire,15058.0,20786.0,13228.0,16689.0,12691.0,13120.0,8224.0,9098.0,9220.0,9476.0
523,15952,15582,13697,8189,7994,16755,16182,12317,13055,10226,-803,-600,1380,-4866,-2232,-7121,dire,15602.0,17290.0,15607.0,16654.0,13735.0,12380.0,8247.0,13167.0,8080.0,10525.0
524,16720,17591,15690,8401,6623,16592,15498,12324,10468,9560,128,2093,3366,-2067,-2937,583,radiant,16398.0,16729.0,17266.0,15336.0,15626.0,12432.0,8442.0,10810.0,6720.0,9465.0
525,17210,15827,15527,8346,6949,21636,12382,13455,8837,6021,-4426,3445,2072,-491,928,1528,radiant,17620.0,21504.0,15736.0,12269.0,15676.0,13185.0,8452.0,8916.0,7141.0,6148.0
526,15308,14803,13115,8635,6444,23460,16657,15064,11536,9304,-8152,-1854,-1949,-2901,-2860,-17716,dire,15305.0,22780.0,14722.0,16779.0,12901.0,15010.0,8046.0,11571.0,6479.0,9524.0
527,24728,16206,15196,10588,9723,17424,14007,11683,8643,7709,7304,2199,3513,1945,2014,16975,radiant,23891.0,17873.0,15204.0,14155.0,14285.0,12105.0,9626.0,8905.0,8965.0,7698.0
528,22292,17877,14267,10991,11701,20005,15089,15197,6422,6558,2287,2788,-930,4569,5143,13857,radiant,22309.0,20229.0,17983.0,15518.0,14226.0,15279.0,10485.0,6538.0,12085.0,6793.0
529,19088,14607,12930,11048,9313,19435,13486,12263,10548,6853,-347,1121,667,500,2460,4401,radiant,19016.0,19557.0,14766.0,13690.0,12781.0,12152.0,11062.0,10864.0,9051.0,7100.0
530,26165,19059,13285,8709,6202,15955,14980,13457,8794,8624,10210,4079,-172,-85,-2422,11610,radiant,25201.0,16144.0,18783.0,15309.0,13076.0,13563.0,8326.0,8911.0,6017.0,8805.0
531,16137,15000,11901,9362,5635,20640,14104,13485,9551,10028,-4503,896,-1584,-189,-4393,-9773,radiant,16177.0,20258.0,14761.0,14252.0,11867.0,13548.0,9355.0,9576.0,5821.0,10010.0
532,21740,16028,11966,11535,9204,15857,13618,12952,11948,10849,5883,2410,-986,-413,-1645,5249,radiant,21172.0,15805.0,15852.0,13443.0,12118.0,13267.0,11893.0,11876.0,9283.0,10505.0
533,19171,15113,16457,11559,8895,16666,16805,12522,8670,8141,2505,-1692,3935,2889,754,8391,dire,19609.0,16269.0,15557.0,16430.0,16693.0,12657.0,11558.0,8888.0,9133.0,8208.0
534,15445,13661,13902,9585,9154,18876,15626,14419,9269,9544,-3431,-1965,-517,316,-390,-5987,dire,15018.0,19355.0,13348.0,15589.0,13488.0,14020.0,9633.0,8931.0,8872.0,9632.0
535,14329,12993,14229,7521,6814,21084,15632,14176,12478,9387,-6755,-2639,53,-4957,-2573,-16871,dire,14280.0,20843.0,13146.0,15782.0,14100.0,14067.0,7311.0,12358.0,6701.0,9591.0
536,18460,16403,15256,8405,7579,15083,14797,9235,12949,6910,3377,1606,6021,-4544,669,7129,radiant,18612.0,15080.0,16153.0,14366.0,15045.0,9111.0,8483.0,12614.0,7515.0,7001.0
537,22202,14866,13406,8440,7900,18431,18129,12789,7017,7612,3771,-3263,617,1423,288,2836,radiant,22168.0,17944.0,14849.0,18104.0,13624.0,12899.0,8501.0,7055.0,7798.0,7614.0
538,22855,14516,13369,7016,6616,15990,18097,16171,10268,8049,6865,-3581,-2802,-3252,-1433,-4203,dire,22181.0,16219.0,14501.0,18332.0,13107.0,15802.0,7047.0,10289.0,6862.0,8259.0
539,20499,17689,13780,8728,8953,21193,16776,13005,10692,10163,-694,913,775,-1964,-1210,-2180,dire,20163.0,20689.0,18229.0,16718.0,14158.0,12411.0,9104.0,10094.0,9118.0,10130.0
540,23781,23506,15231,9059,6458,18974,16167,14695,8939,5876,4807,7339,536,120,582,13384,radiant,22967.0,18290.0,23947.0,15866.0,14882.0,14678.0,8275.0,8812.0,5611.0,5761.0
541,16937,14927,14678,6686,4835,22681,20102,17045,13365,8729,-5744,-5175,-2367,-6679,-3894,-23859,dire,17445.0,21521.0,15426.0,18429.0,14894.0,16440.0,6915.0,13242.0,4998.0,8760.0
542,22448,16469,15457,13530,12902,19775,16915,15627,14662,10422,2673,-446,-170,-1132,2480,3405,dire,21401.0,19541.0,15797.0,16518.0,15109.0,15691.0,13145.0,14533.0,13339.0,10754.0
543,16855,14242,13683,11209,9494,15758,13569,12495,8134,6807,1097,673,1188,3075,2687,8720,radiant,16509.0,15679.0,14070.0,13132.0,13575.0,12518.0,11144.0,8290.0,9503.0,6951.0
544,17564,15802,16339,8413,8181,20798,13410,11732,7027,5742,-3234,2392,4607,1386,2439,7590,radiant,17754.0,21262.0,16309.0,13631.0,16484.0,11773.0,8424.0,7045.0,8454.0,5944.0
545,18498,14302,13476,8335,7113,15928,14628,14869,7872,6566,2570,-326,-1393,463,547,1861,dire,18240.0,15925.0,14272.0,14578.0,13632.0,14558.0,8424.0,7843.0,7322.0,6574.0
546,15450,11471,11878,7005,6823,17948,13921,15292,12018,7342,-2498,-2450,-3414,-5013,-519,-13894,dire,15129.0,17797.0,11146.0,13939.0,12115.0,15072.0,6815.0,11983.0,7046.0,7413.0
547,17568,15480,13068,11416,7187,21811,17135,13731,9028,8162,-4243,-1655,-663,2388,-975,-5148,dire,17559.0,22370.0,15653.0,17360.0,13299.0,13869.0,11575.0,8885.0,7293.0,8254.0
548,17088,13296,11208,11123,8973,22776,14793,12391,9173,9255,-5688,-1497,-1183,1950,-282,-6700,radiant,17028.0,22906.0,13262.0,15291.0,11303.0,12770.0,11176.0,9462.0,9049.0,9581.0
549,15587,12128,10275,10575,9458,18653,15605,15644,11147,10900,-3066,-3477,-5369,-572,-1442,-13926,dire,15455.0,18834.0,11808.0,15841.0,10372.0,16061.0,10582.0,11342.0,9499.0,10790.0
550,21049,16167,16798,11573,9452,15617,15289,12615,12126,10195,5432,878,4183,-553,-743,9197,radiant,21705.0,15342.0,16024.0,15172.0,17254.0,11882.0,11990.0,11850.0,9767.0,10293.0
551,16735,16516,13831,9551,7392,19008,18088,12221,11338,8870,-2273,-1572,1610,-1787,-1478,-5500,dire,16067.0,18789.0,16996.0,18319.0,14171.0,12178.0,9610.0,11260.0,7554.0,8856.0
552,16520,15542,11866,12338,8756,22461,18129,16078,14006,10902,-5941,-2587,-4212,-1668,-2146,-16554,dire,16314.0,21138.0,15191.0,18310.0,11144.0,15346.0,10754.0,13678.0,7910.0,10671.0
553,16258,14150,12801,8755,7091,19954,16887,16586,9393,8841,-3696,-2737,-3785,-638,-1750,-12606,dire,16112.0,20595.0,14045.0,16783.0,13240.0,16287.0,9112.0,9185.0,7081.0,9120.0
554,19515,14096,13760,9352,8126,16161,16430,13650,7781,7866,3354,-2334,110,1571,260,2961,dire,19020.0,15784.0,14236.0,15386.0,13857.0,13456.0,9389.0,7774.0,8114.0,7844.0
555,19944,15844,15963,11318,10771,17058,13519,12959,7807,6549,2886,2325,3004,3511,4222,15948,radiant,19310.0,17398.0,15915.0,13716.0,16268.0,12820.0,11542.0,7871.0,10819.0,6566.0
556,20808,16223,12367,6044,6420,16381,15827,15490,10093,8822,4427,396,-3123,-4049,-2402,-4751,dire,20748.0,16696.0,16332.0,16113.0,12498.0,15651.0,6236.0,10363.0,6582.0,8985.0
557,18024,14648,13876,7050,6020,21875,15051,13907,9862,10643,-3851,-403,-31,-2812,-4623,-11720,dire,18094.0,21607.0,14720.0,14939.0,14237.0,13576.0,7272.0,9322.0,6064.0,10144.0
558,20372,14930,15003,8042,8058,25904,16501,15707,9949,6790,-5532,-1571,-704,-1907,1268,-8446,dire,20121.0,25367.0,14748.0,16435.0,14846.0,16069.0,7945.0,9565.0,8119.0,6668.0
559,20766,16168,12322,8978,5431,22248,13601,12351,8463,7181,-1482,2567,-29,515,-1750,-179,radiant,20273.0,22059.0,16148.0,13271.0,12134.0,12547.0,9107.0,8486.0,5438.0,7090.0
560,16045,15288,12113,8494,9980,20292,16637,14481,11842,8015,-4247,-1349,-2368,-3348,1965,-9347,dire,15762.0,20533.0,15017.0,16578.0,12106.0,14355.0,8391.0,11833.0,10067.0,8140.0
561,20125,16664,14857,12426,7478,15495,14266,11714,9713,9738,4630,2398,3143,2713,-2260,10624,radiant,19534.0,15297.0,16723.0,14170.0,15264.0,11368.0,12440.0,9754.0,7400.0,10065.0
562,22457,16696,15702,11252,9001,15474,12596,11891,8129,6647,6983,4100,3811,3123,2354,20371,radiant,22439.0,15158.0,16952.0,12945.0,15508.0,12100.0,10914.0,8247.0,9201.0,6925.0
563,12869,12674,10328,7877,6717,20628,16308,14944,11158,10492,-7759,-3634,-4616,-3281,-3775,-23065,dire,13198.0,20555.0,12682.0,16337.0,10362.0,14291.0,8025.0,10979.0,7008.0,10065.0
564,15172,15709,14319,7775,7621,22925,18506,15209,14297,12213,-7753,-2797,-890,-6522,-4592,-22554,dire,15490.0,22430.0,16294.0,18477.0,14755.0,15383.0,8045.0,14076.0,7714.0,11679.0
565,17992,15403,13734,8521,7605,19399,18443,15509,8650,8529,-1407,-3040,-1775,-129,-924,-7275,radiant,17789.0,19885.0,14874.0,18749.0,13523.0,15562.0,8011.0,8784.0,7608.0,8478.0
566,17042,12040,13385,8820,6379,19627,18779,13896,12519,10817,-2585,-6739,-511,-3699,-4438,-17972,dire,16682.0,19399.0,11780.0,18819.0,13175.0,13219.0,8954.0,12557.0,6248.0,10787.0
567,16111,13145,13032,6636,5396,21645,17878,14497,8585,8305,-5534,-4733,-1465,-1949,-2909,-16590,dire,15879.0,21516.0,13334.0,18129.0,12970.0,14792.0,6854.0,8701.0,5590.0,8512.0
568,17878,16906,12628,6387,6217,17339,16896,15647,8715,7721,539,10,-3019,-2328,-1504,-6302,dire,18141.0,17395.0,17021.0,16936.0,12319.0,15708.0,6616.0,8810.0,6404.0,7772.0
569,17237,14546,13249,7929,8165,21722,13689,13063,9377,6975,-4485,857,186,-1448,1190,-3700,dire,17618.0,21780.0,14620.0,13630.0,13515.0,13207.0,8073.0,9513.0,7963.0,6595.0
570,17493,15065,14355,7329,6477,19310,17865,14999,11341,9426,-1817,-2800,-644,-4012,-2949,-12222,dire,18012.0,19772.0,15055.0,17687.0,14348.0,15232.0,7272.0,11007.0,6286.0,9358.0
571,15824,13930,13990,9651,7413,18230,15796,12841,9849,8602,-2406,-1866,1149,-198,-1189,-4510,radiant,15717.0,18475.0,13780.0,15129.0,14404.0,12718.0,9396.0,9335.0,6870.0,7259.0
572,21196,15331,13956,9296,7421,20928,16321,12165,9376,8657,268,-990,1791,-80,-1236,-247,radiant,21584.0,21141.0,14368.0,15184.0,14009.0,11682.0,8939.0,8903.0,7356.0,8498.0
573,15569,15794,13558,9013,6809,24432,16813,14380,10799,10772,-8863,-1019,-822,-1786,-3963,-16453,dire,15323.0,23652.0,16210.0,16777.0,13652.0,14127.0,9323.0,10935.0,7028.0,10699.0
574,13606,13025,12636,10755,7941,16870,17008,15745,13475,7122,-3264,-3983,-3109,-2720,819,-12257,dire,13630.0,16301.0,12762.0,16529.0,12778.0,15835.0,11099.0,13619.0,8172.0,6979.0
575,17472,16580,13570,9072,7601,14004,14589,11509,10700,7952,3468,1991,2061,-1628,-351,5541,radiant,17960.0,14121.0,16748.0,14318.0,13689.0,11279.0,9264.0,10815.0,7861.0,8003.0
576,19511,14556,14513,8119,8276,17721,17035,14197,8230,8289,1790,-2479,316,-111,-13,-497,dire,19557.0,18012.0,14195.0,17118.0,13836.0,14528.0,7946.0,8504.0,8077.0,8130.0
577,17869,12373,14373,13213,9456,15159,12649,11700,8024,8242,2710,-276,2673,5189,1214,11510,dire,17420.0,15598.0,12182.0,13082.0,13826.0,11899.0,13058.0,8222.0,9013.0,8514.0
578,24660,16452,13846,11325,6639,19953,15721,11031,10518,9265,4707,731,2815,807,-2626,6434,dire,24355.0,19639.0,16091.0,15526.0,13106.0,10960.0,11217.0,10673.0,6493.0,9404.0
579,15825,15353,15016,14292,8561,18500,15682,17215,9927,10137,-2675,-329,-2199,4365,-1576,-2414,dire,15611.0,18843.0,15241.0,15656.0,14903.0,17058.0,13407.0,10136.0,8136.0,10202.0
580,17122,17216,15442,8995,7328,20230,15940,15383,8271,7792,-3108,1276,59,724,-464,-1513,dire,16659.0,19783.0,17279.0,16116.0,15315.0,15231.0,9034.0,8360.0,7314.0,7976.0
581,21769,17150,15215,11476,10068,19761,17297,16326,11913,6926,2008,-147,-1111,-437,3142,3455,radiant,22334.0,19594.0,17359.0,17430.0,14840.0,16145.0,11759.0,11742.0,9854.0,6767.0
582,15627,15296,15733,7902,8632,17210,13251,12183,11987,11617,-1583,2045,3550,-4085,-2985,-3058,dire,15002.0,17098.0,15134.0,13158.0,15499.0,12456.0,7808.0,12320.0,8403.0,11706.0
583,21353,16874,15991,10109,8171,18124,14484,11519,9056,6122,3229,2390,4472,1053,2049,13193,radiant,21339.0,18004.0,16648.0,14795.0,16076.0,11661.0,10184.0,9422.0,8174.0,6341.0
584,15999,16104,12067,10688,9503,19743,18182,17107,9660,7351,-3744,-2078,-5040,1028,2152,-7682,dire,15517.0,20089.0,15890.0,18007.0,11921.0,17187.0,10766.0,9541.0,9041.0,7442.0
585,22283,18634,14523,12567,8605,18477,12433,13302,9460,6452,3806,6201,1221,3107,2153,16488,radiant,22550.0,17357.0,18732.0,12380.0,14364.0,12131.0,11928.0,8441.0,8526.0,6277.0
586,17909,16622,16255,10677,9540,16960,14978,12290,13017,8276,949,1644,3965,-2340,1264,5482,dire,17717.0,16590.0,16621.0,15192.0,16306.0,12427.0,10452.0,13242.0,9491.0,8497.0
587,16364,15330,13992,12079,8492,17301,16136,15467,10381,10833,-937,-806,-1475,1698,-2341,-3861,radiant,16010.0,17406.0,15539.0,16309.0,14117.0,15217.0,12051.0,10042.0,8766.0,11017.0
588,19458,14802,14278,7505,6954,17167,12740,11083,7987,7252,2291,2062,3195,-482,-298,6768,radiant,19295.0,17355.0,13847.0,12578.0,14299.0,11151.0,7151.0,8183.0,7016.0,7156.0
589,19561,12441,12572,10116,6252,20980,19232,13673,12118,12143,-1419,-6791,-1101,-2002,-5891,-17204,dire,19867.0,21079.0,12677.0,18897.0,12557.0,13934.0,9647.0,12121.0,6223.0,12370.0
590,14941,9793,8673,8023,6315,20283,20314,13556,11070,9390,-5342,-10521,-4883,-3047,-3075,-26868,dire,14962.0,20271.0,9694.0,20174.0,8543.0,13732.0,8041.0,11128.0,6504.0,9599.0
591,13984,12570,11577,8941,7847,19409,18514,15163,10344,9576,-5425,-5944,-3586,-1403,-1729,-18087,dire,13836.0,19509.0,12778.0,18541.0,11687.0,14734.0,8837.0,10180.0,7914.0,9574.0
592,13949,12807,10391,6379,5039,20707,11035,11645,9406,8326,-6758,1772,-1254,-3027,-3287,-12554,dire,14010.0,20194.0,13200.0,9989.0,10706.0,11169.0,6539.0,9413.0,5217.0,8246.0
593,15943,12703,14217,9124,6172,17548,15076,16828,10973,9746,-1605,-2373,-2611,-1849,-3574,-12012,dire,15198.0,17412.0,12422.0,15437.0,14360.0,16645.0,8797.0,10852.0,6298.0,9795.0
594,16623,14025,12741,9494,7281,17202,16938,15724,9211,8488,-579,-2913,-2983,283,-1207,-7399,dire,16312.0,17066.0,13690.0,16784.0,12367.0,15684.0,9457.0,9347.0,7177.0,8649.0
595,19203,16343,13289,10449,9092,19816,15353,16202,9385,6204,-613,990,-2913,1064,2888,1416,dire,19908.0,19640.0,16079.0,15119.0,13011.0,15747.0,10651.0,9324.0,9383.0,6159.0
596,20577,16977,9407,12008,7454,19068,12703,13655,7577,7432,1509,4274,-4248,4431,22,5988,dire,20095.0,19789.0,16764.0,13134.0,9731.0,13915.0,11948.0,7760.0,7383.0,7661.0
597,21833,17443,14974,12695,10496,16346,13050,12920,8026,6992,5487,4393,2054,4669,3504,20107,radiant,22135.0,16790.0,17442.0,13147.0,14819.0,13048.0,12904.0,8286.0,10733.0,7230.0
598,13563,12894,10527,6953,6600,17689,16348,16073,10196,9730,-4126,-3454,-5546,-3243,-3130,-19499,dire,13600.0,17763.0,12525.0,16238.0,10485.0,15866.0,7029.0,10319.0,6847.0,9884.0
599,19169,16861,16592,7033,6933,13581,14587,12879,8328,6412,5588,2274,3713,-1295,521,10801,radiant,19295.0,13787.0,16734.0,14751.0,16812.0,12966.0,7095.0,8320.0,6922.0,5936.0
600,20613,14835,14528,12486,9788,16072,14932,12343,9648,9012,4541,-97,2185,2838,776,10243,radiant,19814.0,15829.0,14506.0,14626.0,14299.0,11812.0,12103.0,9618.0,10109.0,8907.0
601,18983,14887,10047,9789,8258,21194,18836,15315,9812,10077,-2211,-3949,-5268,-23,-1819,-13270,dire,18980.0,21206.0,14828.0,18798.0,9853.0,15167.0,9878.0,9928.0,8245.0,9990.0
602,15325,15445,12774,7555,7125,18733,16563,12371,9483,7569,-3408,-1118,403,-1928,-444,-6495,dire,14619.0,18675.0,15015.0,17024.0,11703.0,12345.0,7628.0,9826.0,6728.0,7801.0
603,17065,15575,13614,9309,5700,16034,17173,15387,8064,8537,1031,-1598,-1773,1245,-2837,-3932,dire,16554.0,15715.0,15693.0,16895.0,13616.0,15363.0,9454.0,8187.0,5635.0,8649.0
604,17684,16632,13399,13859,7963,13892,13879,13059,7883,7749,3792,2753,340,5976,214,13075,radiant,17068.0,13263.0,16451.0,13770.0,13016.0,13137.0,13156.0,7836.0,7628.0,7781.0
605,19365,16544,15135,12661,10339,15762,14301,12540,7193,6869,3603,2243,2595,5468,3470,17379,radiant,18588.0,15731.0,16337.0,14571.0,15180.0,12558.0,11996.0,7479.0,10136.0,7112.0
606,18975,17381,17747,11047,7630,22642,17364,13617,9077,7449,-3667,17,4130,1970,181,2631,dire,18878.0,22157.0,16315.0,17337.0,16692.0,12914.0,10055.0,8839.0,7537.0,7404.0
607,17310,16406,17522,8000,7933,23094,17615,16961,11576,8294,-5784,-1209,561,-3576,-361,-10369,dire,17041.0,22532.0,15857.0,16897.0,16808.0,16889.0,7485.0,11230.0,7327.0,8389.0
608,16498,14501,14170,8571,7472,16746,16680,14765,5997,5348,-248,-2179,-595,2574,2124,1676,dire,16828.0,16975.0,14792.0,16958.0,14270.0,15057.0,8650.0,5997.0,7682.0,5542.0
609,16392,12109,11947,7389,6658,19043,16832,16439,10874,10434,-2651,-4723,-4492,-3485,-3776,-19127,dire,15792.0,17897.0,12383.0,16437.0,12172.0,15863.0,7631.0,10118.0,6803.0,10219.0
610,20528,15769,13376,8087,8025,18334,14666,13637,7597,6616,2194,1103,-261,490,1409,4935,radiant,20463.0,17978.0,15564.0,14956.0,13056.0,13643.0,8144.0,7645.0,7949.0,6848.0
611,17479,14839,10705,10308,7717,16201,14285,13938,10286,9996,1278,554,-3233,22,-2279,-3658,dire,17579.0,15618.0,14790.0,13981.0,10820.0,13890.0,10722.0,10386.0,7970.0,10082.0
612,18389,15483,15492,11642,7972,17838,15820,14135,11325,8143,551,-337,1357,317,-171,1717,dire,18548.0,17648.0,14945.0,15575.0,15436.0,14404.0,11614.0,11502.0,8306.0,8275.0
613,21313,14440,13868,9129,6772,23575,15240,15117,10549,9511,-2262,-800,-1249,-1420,-2739,-8470,dire,21399.0,23267.0,14678.0,15067.0,14243.0,15319.0,9454.0,10725.0,6999.0,9466.0
614,17525,17105,15727,11056,9808,16450,12707,12650,11239,9119,1075,4398,3077,-183,689,9056,radiant,17815.0,16744.0,17194.0,12936.0,15821.0,12868.0,11167.0,11121.0,9960.0,9304.0
615,15567,12437,13293,10285,9544,17829,16058,15064,11072,7970,-2262,-3621,-1771,-787,1574,-6867,radiant,15593.0,17302.0,12676.0,15790.0,13564.0,14964.0,9801.0,10354.0,9516.0,7689.0
616,20050,18350,17641,9431,7946,16296,14996,13789,8453,6034,3754,3354,3852,978,1912,13850,radiant,19448.0,16666.0,17700.0,15077.0,17762.0,14084.0,9132.0,8351.0,7786.0,6145.0
617,15355,12980,12240,7682,5920,19841,16634,15603,9430,8219,-4486,-3654,-3363,-1748,-2299,-15550,dire,15638.0,19514.0,13344.0,16478.0,12422.0,15341.0,7821.0,9372.0,6105.0,8256.0
618,17077,12710,11960,10855,8150,19778,18302,15435,12888,9489,-2701,-5592,-3475,-2033,-1339,-15140,dire,16400.0,19643.0,12839.0,18559.0,11539.0,15491.0,10817.0,12965.0,8165.0,9642.0
619,19454,14396,13471,7564,6289,18621,14389,13429,8241,8649,833,7,42,-677,-2360,-2155,dire,19167.0,18447.0,14188.0,13998.0,13585.0,13468.0,7663.0,8049.0,6433.0,8723.0
620,16997,17375,16874,10127,10135,16037,15502,14199,14318,11018,960,1873,2675,-4191,-883,434,radiant,16019.0,16089.0,16889.0,15551.0,17085.0,14535.0,9250.0,14577.0,10454.0,11408.0
621,14878,13590,11102,7192,7904,18413,14950,12533,12202,8320,-3535,-1360,-1431,-5010,-416,-11752,dire,14600.0,18385.0,13383.0,15371.0,11444.0,12554.0,7349.0,12218.0,8094.0,8465.0
622,16405,15752,15329,11678,9690,19921,15591,13284,11185,10402,-3516,161,2045,493,-712,-1529,dire,16528.0,19926.0,15525.0,15819.0,15699.0,13497.0,11825.0,11446.0,9824.0,10390.0
623,22013,13524,12462,14930,9288,19491,15021,15809,11816,10419,2522,-1497,-3347,3114,-1131,-339,radiant,21826.0,19114.0,13755.0,15081.0,12547.0,15625.0,14165.0,12022.0,9283.0,10451.0
624,16342,16735,12795,9650,9343,19168,13991,12334,8380,6620,-2826,2744,461,1270,2723,4372,radiant,16196.0,18847.0,16742.0,14087.0,12881.0,12415.0,9420.0,8598.0,9582.0,6461.0
625,17308,12437,11722,7388,6130,18550,15346,12780,9372,8083,-1242,-2909,-1058,-1984,-1953,-9146,dire,16671.0,18593.0,12006.0,15237.0,11701.0,12813.0,7369.0,9566.0,6172.0,8250.0
626,18341,17712,14933,10204,6903,22739,19291,17146,10146,8024,-4398,-1579,-2213,58,-1121,-9253,dire,18240.0,22503.0,17367.0,19659.0,14669.0,17222.0,10362.0,10033.0,6819.0,8125.0
627,18658,16966,16393,10408,10218,18809,18216,14535,12069,6751,-151,-1250,1858,-1661,3467,2263,dire,19035.0,19384.0,17081.0,18786.0,16558.0,14396.0,10455.0,12249.0,10288.0,6694.0
628,18273,14326,11714,7171,7546,19951,17855,15026,10831,9465,-1678,-3529,-3312,-3660,-1919,-14098,dire,18195.0,18980.0,14448.0,17437.0,11865.0,15098.0,7188.0,9956.0,7528.0,8952.0
629,20395,17919,16312,10846,8079,15744,15000,11230,9319,10554,4651,2919,5082,1527,-2475,11704,radiant,19786.0,16196.0,17574.0,14421.0,16305.0,11239.0,10195.0,9186.0,8006.0,10814.0
630,15434,12826,10672,6688,5358,19329,13769,13319,13704,11208,-3895,-943,-2647,-7016,-5850,-20351,dire,15291.0,18744.0,12257.0,13064.0,10738.0,13073.0,6869.0,13037.0,5513.0,10531.0
631,17145,18075,13292,13195,10482,16192,15446,14222,9705,9325,953,2629,-930,3490,1157,7299,dire,17526.0,15848.0,18600.0,14202.0,13499.0,14288.0,13478.0,8445.0,10811.0,7989.0
632,21445,16436,13010,10230,8871,17357,15686,10661,8733,6690,4088,750,2349,1497,2181,10865,radiant,20971.0,16477.0,16247.0,15606.0,12254.0,10395.0,9325.0,8567.0,8873.0,6225.0
633,17820,14086,11156,7569,6480,22611,19519,15333,9712,8214,-4791,-5433,-4177,-2143,-1734,-18278,dire,17378.0,22275.0,13908.0,19404.0,11048.0,15557.0,7755.0,9852.0,6384.0,8298.0
634,15021,14930,13754,9690,9920,19027,19144,17968,9188,9262,-4006,-4214,-4214,502,658,-11274,dire,14641.0,18699.0,14949.0,19281.0,13784.0,17664.0,10005.0,9183.0,9926.0,9210.0
635,17965,16544,11660,7456,5982,24686,18076,15159,9472,9964,-6721,-1532,-3499,-2016,-3982,-17750,dire,16493.0,24057.0,15732.0,18614.0,11224.0,14911.0,6314.0,8968.0,5401.0,9539.0
636,16286,13663,14561,9011,6258,15532,16909,12703,10255,7474,754,-3246,1858,-1244,-1216,-3094,dire,16680.0,15459.0,14182.0,17123.0,14671.0,12987.0,8926.0,10538.0,6449.0,7770.0
637,13121,12726,8761,7015,5962,18764,17891,14879,11415,9098,-5643,-5165,-6118,-4400,-3136,-24462,dire,13501.0,18275.0,13161.0,16700.0,9059.0,14249.0,7279.0,10319.0,6192.0,8230.0
638,18203,15228,8922,9758,8126,15007,19763,12286,5796,6175,3196,-4535,-3364,3962,1951,1210,dire,18190.0,15127.0,14470.0,19888.0,8837.0,12217.0,9593.0,5947.0,8232.0,6223.0
639,18277,16535,15504,13587,11194,15042,14916,14394,10135,8611,3235,1619,1110,3452,2583,11999,radiant,17301.0,14683.0,15914.0,14829.0,14774.0,14457.0,12993.0,10273.0,9963.0,8318.0
640,15987,16105,12731,8446,6750,21389,17254,13563,7984,7391,-5402,-1149,-832,462,-641,-7562,dire,15104.0,21141.0,15242.0,17239.0,13147.0,13516.0,8024.0,7994.0,6778.0,7426.0
641,24865,16129,16512,10371,10559,14957,14553,12973,7436,5655,9908,1576,3539,2935,4904,22862,radiant,24226.0,14976.0,15680.0,14737.0,16481.0,12717.0,10342.0,7668.0,10610.0,5762.0
642,15775,13586,11767,8383,8302,24393,14063,14694,12199,10841,-8618,-477,-2927,-3816,-2539,-18377,dire,15442.0,24438.0,13665.0,14065.0,11881.0,14361.0,8030.0,12122.0,8049.0,10592.0
643,18346,16268,14799,12493,9585,19107,15754,15376,7264,6487,-761,514,-577,5229,3098,7503,radiant,18586.0,18917.0,16433.0,15455.0,14813.0,15611.0,12524.0,7325.0,9663.0,6448.0
644,14879,16662,14288,10625,7861,19781,17961,10098,9402,6775,-4902,-1299,4190,1223,1086,298,dire,14683.0,19455.0,16533.0,17610.0,14105.0,10103.0,10920.0,9209.0,7798.0,6734.0
645,19365,15868,11494,10039,8008,20794,17704,15003,12132,8842,-1429,-1836,-3509,-2093,-834,-9701,dire,19641.0,19575.0,15804.0,17133.0,11410.0,14202.0,10180.0,11963.0,8267.0,9043.0
646,24521,15470,10980,9072,8792,15702,14310,11986,13360,7741,8819,1160,-1006,-4288,1051,5736,radiant,24301.0,15198.0,15535.0,13984.0,11319.0,12100.0,9380.0,13381.0,9039.0,7621.0
647,13289,12864,8023,12470,8897,18097,15866,13408,8925,8705,-4808,-3002,-5385,3545,192,-9458,dire,13163.0,17607.0,13211.0,15237.0,8368.0,13060.0,12731.0,9063.0,9094.0,8752.0
648,20257,17003,16952,15280,12548,15355,13774,11437,8549,6492,4902,3229,5515,6731,6056,26433,radiant,20261.0,15579.0,17123.0,13971.0,16471.0,11285.0,15607.0,8840.0,12328.0,6727.0
649,17583,16451,15585,11863,9027,20193,16427,13891,11380,8278,-2610,24,1694,483,749,340,radiant,16872.0,20537.0,16064.0,16536.0,14760.0,13644.0,10623.0,11481.0,9158.0,8162.0
650,16658,17160,13042,11153,8606,16553,17787,12952,8059,6622,105,-627,90,3094,1984,4646,radiant,16420.0,16603.0,16842.0,17231.0,12953.0,13125.0,11364.0,8153.0,8814.0,6655.0
651,15978,16243,15719,8370,10564,18175,13684,14112,9542,7624,-2197,2559,1607,-1172,2940,3737,radiant,15557.0,17757.0,15420.0,13257.0,15449.0,13653.0,7708.0,9349.0,9986.0,7560.0
652,20631,19484,16454,11688,9665,18753,14033,12505,7642,7034,1878,5451,3949,4046,2631,17955,radiant,19523.0,19130.0,19063.0,14189.0,15379.0,12858.0,11020.0,7895.0,8958.0,7257.0
653,23273,18716,16148,9457,9097,14540,13899,13504,8941,8100,8733,4817,2644,516,997,17707,radiant,23665.0,14129.0,18867.0,14201.0,16347.0,13645.0,8857.0,8812.0,9001.0,7924.0
654,20161,16535,18290,10373,9365,18122,14472,13106,7648,7815,2039,2063,5184,2725,1550,13561,radiant,19921.0,18736.0,16659.0,14548.0,18068.0,13172.0,10276.0,7896.0,9290.0,7884.0
655,16430,15654,15964,8197,8275,18097,18367,11941,7866,8785,-1667,-2713,4023,331,-510,-536,radiant,15769.0,18531.0,15623.0,18451.0,15361.0,11972.0,8181.0,7905.0,8159.0,8910.0
656,16171,13357,11489,7368,6710,18773,17275,16772,11541,8292,-2602,-3918,-5283,-4173,-1582,-17558,dire,16700.0,18563.0,13649.0,16762.0,11770.0,17347.0,7397.0,10576.0,6853.0,8012.0
657,23099,14851,14262,10809,11165,18174,14154,11129,11113,10765,4925,697,3133,-304,400,8851,dire,22754.0,18892.0,14646.0,14421.0,14249.0,10990.0,10573.0,11109.0,11302.0,10879.0
658,17047,16298,11838,8356,6458,19602,15506,13179,9801,8213,-2555,792,-1341,-1445,-1755,-6304,dire,16723.0,18981.0,15307.0,15191.0,11026.0,12977.0,8424.0,9574.0,5908.0,8221.0
659,16168,14274,9848,8254,7313,24474,21930,16916,9439,9581,-8306,-7656,-7068,-1185,-2268,-26483,dire,16433.0,23738.0,14651.0,22301.0,9919.0,16764.0,8297.0,9009.0,7525.0,9440.0
660,15837,12692,13999,8650,8035,16936,13836,14245,6689,6492,-1099,-1144,-246,1961,1543,1015,dire,16188.0,16175.0,12693.0,13245.0,13972.0,12667.0,8493.0,6891.0,7873.0,5905.0
661,19413,18041,16138,10767,10551,16386,11862,11445,7549,7371,3027,6179,4693,3218,3180,20297,radiant,19640.0,16265.0,18301.0,11415.0,16243.0,11440.0,10757.0,7657.0,10857.0,7315.0
662,20116,13097,10985,12282,9635,17594,18092,13817,10472,9028,2522,-4995,-2832,1810,607,-2888,dire,20388.0,17207.0,13365.0,18651.0,10989.0,13626.0,12224.0,10675.0,9472.0,9018.0
663,15933,14950,11998,7987,7659,20951,18842,14276,11303,9985,-5018,-3892,-2278,-3316,-2326,-16830,dire,16134.0,20347.0,14513.0,18515.0,11748.0,14180.0,8021.0,11120.0,7447.0,9671.0
664,22188,17516,16091,8732,7603,21196,18653,14153,8395,9041,992,-1137,1938,337,-1438,692,radiant,20400.0,21476.0,16913.0,18547.0,15800.0,14376.0,8460.0,8672.0,7383.0,9318.0
665,20079,17188,13996,9068,8699,20506,16426,15842,11181,9925,-427,762,-1846,-2113,-1226,-4850,radiant,19776.0,20446.0,17267.0,16554.0,13960.0,16037.0,8895.0,11229.0,8394.0,9672.0
666,17986,17273,13228,8145,7572,18626,16998,14994,9930,7935,-640,275,-1766,-1785,-363,-4279,dire,17289.0,18661.0,17469.0,16531.0,12637.0,14602.0,7474.0,9900.0,7184.0,7804.0
