,rad_pos1_last_gold,rad_pos2_last_gold,rad_pos3_last_gold,rad_pos4_last_gold,rad_pos5_last_gold,dire_pos1_last_gold,dire_pos2_last_gold,dire_pos3_last_gold,dire_pos4_last_gold,dire_pos5_last_gold,pos1_diff,pos2_diff,pos3_diff,pos4_diff,pos5_diff,team_diff,winner,rad_pos1_last_gold,dire_pos1_last_gold,rad_pos2_last_gold,dire_pos2_last_gold,rad_pos3_last_gold,dire_pos3_last_gold,rad_pos4_last_gold,dire_pos4_last_gold,rad_pos5_last_gold,dire_pos5_last_gold
0,6399,5383,5885,2609,2237,5954,6445,6200,2816,2692,445,-1062,-315,-207,-455,-1594,dire,6505.0,5967.0,5207.0,6359.0,5821.0,6228.0,2587.0,2784.0,2366.0,2403.0
1,5917,6235,6524,2798,2628,9055,6276,5429,2866,2798,-3138,-41,1095,-68,-170,-2322,radiant,5790.0,8908.0,6137.0,5873.0,6640.0,5408.0,3014.0,3024.0,2814.0,2960.0
2,6944,5849,5584,3521,2260,6690,5570,4643,2700,3026,254,279,941,821,-766,1529,dire,6563.0,6735.0,5888.0,5600.0,5646.0,4524.0,3331.0,2775.0,2268.0,3142.0
3,7209,6843,6734,2371,2771,5637,5659,5180,3095,2296,1572,1184,1554,-724,475,4061,radiant,6957.0,5480.0,6646.0,5695.0,6492.0,5018.0,2418.0,2970.0,2923.0,2376.0
4,8298,7366,6309,4413,3383,6805,6503,6036,3808,2856,1493,863,273,605,527,3761,dire,8507.0,6779.0,7137.0,6737.0,6346.0,6246.0,4272.0,3696.0,3526.0,3088.0
5,6851,7361,6118,3719,3549,6633,6524,5961,3393,3022,218,837,157,326,527,2065,dire,7008.0,6782.0,7349.0,6215.0,5985.0,5810.0,3924.0,2892.0,3723.0,3010.0
6,6468,5912,6536,3871,3133,5875,6695,5732,6306,2701,593,-783,804,-2435,432,-1389,radiant,6262.0,5977.0,5937.0,6497.0,6567.0,5638.0,4067.0,6536.0,3165.0,2911.0
7,7557,5517,5404,2748,2973,7885,5068,5472,2937,2454,-328,449,-68,-189,519,383,dire,7513.0,7433.0,5401.0,4669.0,5432.0,5585.0,3020.0,2583.0,2907.0,2225.0
8,6296,5892,5750,2787,1971,6571,6419,5272,3085,2091,-275,-527,478,-298,-120,-742,radiant,6028.0,6576.0,5611.0,6360.0,5855.0,5327.0,2935.0,3125.0,2059.0,2304.0
9,5910,6445,5961,3146,2776,4735,5065,6548,2969,2571,1175,1380,-587,177,205,2350,dire,6014.0,4377.0,6401.0,5006.0,5932.0,6706.0,3424.0,3130.0,3019.0,2709.0
10,8175,6358,6182,5256,3379,5222,5237,5426,2837,2384,2953,1121,756,2419,995,8244,radiant,8082.0,5071.0,5926.0,5144.0,6256.0,5431.0,5358.0,2883.0,2902.0,2416.0
11,7759,8472,5771,3536,2413,7018,6349,5834,3607,2375,741,2123,-63,-71,38,2768,radiant,7557.0,6969.0,8384.0,6311.0,5711.0,5628.0,3608.0,3819.0,2645.0,2602.0
12,7968,5496,5062,3396,3834,5497,7575,5104,3127,3135,2471,-2079,-42,269,699,1318,radiant,8118.0,5450.0,5277.0,7367.0,5075.0,5001.0,3150.0,3310.0,3752.0,3218.0
13,6118,6051,5575,3634,2390,5777,7138,5496,3478,4450,341,-1087,79,156,-2060,-2571,radiant,5996.0,5687.0,6027.0,7126.0,5652.0,5175.0,3757.0,3269.0,2533.0,4503.0
14,6844,5882,5374,3130,2891,6729,4649,5579,2835,2822,115,1233,-205,295,69,1507,dire,6538.0,6583.0,5571.0,4666.0,5287.0,5793.0,3353.0,2836.0,2950.0,3013.0
15,5716,4426,3713,2596,2114,7309,7251,6128,3900,3909,-1593,-2825,-2415,-1304,-1795,-9932,dire,5787.0,7155.0,4444.0,6760.0,3796.0,6101.0,2750.0,3999.0,2087.0,3876.0
16,5433,5823,4884,3740,2084,6546,7154,5356,3002,3137,-1113,-1331,-472,738,-1053,-3231,radiant,5546.0,5994.0,6099.0,6587.0,5157.0,5226.0,3202.0,2816.0,2201.0,2781.0
17,6722,7151,5980,5142,3813,6080,4746,5000,4208,3159,642,2405,980,934,654,5615,radiant,6130.0,6226.0,6883.0,4734.0,5806.0,4679.0,4611.0,3655.0,3235.0,2917.0
18,7254,7160,6677,4235,2871,7032,5281,4276,3502,2590,222,1879,2401,733,281,5516,radiant,7171.0,6783.0,7204.0,4850.0,6758.0,3877.0,4395.0,3409.0,2978.0,2445.0
19,5806,6784,5990,3522,3103,6408,5572,4617,3526,2458,-602,1212,1373,-4,645,2624,dire,5834.0,6743.0,6490.0,5408.0,5675.0,4534.0,3406.0,3340.0,3051.0,2525.0
20,7229,5330,5438,2635,2370,5396,5842,5096,6338,2806,1833,-512,342,-3703,-436,-2476,dire,7198.0,5254.0,5571.0,5695.0,5532.0,4954.0,2783.0,6176.0,2583.0,2830.0
21,6408,5366,5127,4293,4405,8075,4682,5728,3971,4132,-1667,684,-601,322,273,-989,dire,6538.0,7879.0,4960.0,4782.0,4834.0,5769.0,4280.0,3863.0,4590.0,4105.0
22,4143,3541,3434,2483,2150,8704,7294,6539,4801,4474,-4561,-3753,-3105,-2318,-2324,-16061,dire,4391.0,8249.0,3730.0,6852.0,3347.0,6774.0,2741.0,4978.0,2362.0,4431.0
23,6392,5328,4306,4191,3311,9112,8552,8426,7041,4621,-2720,-3224,-4120,-2850,-1310,-14224,dire,6260.0,8705.0,5049.0,7962.0,3645.0,8070.0,4175.0,6964.0,3360.0,4187.0
24,6187,6774,5638,4280,3274,6889,4307,5841,3610,3367,-702,2467,-203,670,-93,2139,dire,6118.0,6774.0,6905.0,4200.0,5799.0,5849.0,4040.0,3697.0,3371.0,3267.0
25,5689,6834,6052,4253,4062,6106,7252,4012,3119,2784,-417,-418,2040,1134,1278,3617,dire,5806.0,5611.0,6963.0,7140.0,6286.0,3796.0,4276.0,3347.0,4129.0,2838.0
26,8513,6823,7372,4565,3033,5505,5913,3374,4066,3477,3008,910,3998,499,-444,7971,radiant,8379.0,5548.0,6838.0,5923.0,7050.0,3496.0,4649.0,4311.0,3283.0,3637.0
27,5685,5782,4421,2260,2536,8241,6254,5271,3404,2505,-2556,-472,-850,-1144,31,-4991,dire,5826.0,8242.0,5500.0,6111.0,4280.0,5304.0,2416.0,3609.0,2241.0,2590.0
28,8822,6214,6228,3618,3336,8098,4973,5202,3532,2618,724,1241,1026,86,718,3795,radiant,8839.0,7211.0,6186.0,4825.0,6543.0,4988.0,3804.0,3013.0,3512.0,2269.0
29,6421,5442,5848,3729,3447,5195,5570,6682,3185,3078,1226,-128,-834,544,369,1177,radiant,6089.0,5260.0,5150.0,5456.0,6036.0,6512.0,3824.0,3258.0,3453.0,3260.0
30,6953,5291,5828,2930,3290,8294,6748,7867,3567,3412,-1341,-1457,-2039,-637,-122,-5596,dire,6671.0,7912.0,5643.0,6802.0,5736.0,7841.0,3060.0,3530.0,3333.0,3488.0
31,5251,5545,7425,2903,2941,6187,5538,6273,2692,2447,-936,7,1152,211,494,928,dire,5008.0,6036.0,4920.0,5729.0,6896.0,5957.0,2886.0,2716.0,2620.0,2531.0
32,5455,5794,4386,2892,2770,5173,5259,5475,2965,3370,282,535,-1089,-73,-600,-945,dire,5531.0,4891.0,5396.0,5383.0,4342.0,5615.0,2931.0,2805.0,2797.0,3562.0
33,7296,7252,6091,3387,2200,5908,7948,5690,1872,2265,1388,-696,401,1515,-65,2543,radiant,7070.0,5833.0,6987.0,7854.0,5911.0,5672.0,3471.0,1990.0,2295.0,2514.0
34,5858,5209,3666,5258,3446,6271,7266,5627,4168,3250,-413,-2057,-1961,1090,196,-3145,radiant,5922.0,6123.0,4801.0,6937.0,3644.0,5690.0,5204.0,4203.0,3673.0,3092.0
35,6824,5081,3883,3977,3646,6673,5886,5432,2692,3108,151,-805,-1549,1285,538,-380,dire,6570.0,6113.0,5110.0,5970.0,3751.0,5227.0,4166.0,2311.0,3715.0,2966.0
36,8698,8056,7270,3507,3337,4464,5142,3386,2061,3146,4234,2914,3884,1446,191,12669,radiant,8622.0,4471.0,7723.0,5387.0,7486.0,3505.0,3512.0,2282.0,3368.0,3363.0
37,7566,5356,5211,3097,3160,5863,7049,6666,4472,3006,1703,-1693,-1455,-1375,154,-2666,dire,7244.0,5489.0,5042.0,6697.0,4973.0,6697.0,3267.0,4622.0,3166.0,3120.0
38,8703,5886,4729,3245,3391,6397,6000,4949,2818,2964,2306,-114,-220,427,427,2826,radiant,8060.0,6172.0,5770.0,5666.0,4473.0,4989.0,3126.0,3078.0,3252.0,2908.0
39,6823,5671,3918,3169,3149,7499,5260,5631,2922,2819,-676,411,-1713,247,330,-1401,dire,6402.0,7420.0,5465.0,5417.0,3917.0,5764.0,3007.0,3115.0,2794.0,2836.0
40,8528,7208,7303,4362,4467,5983,5584,5176,2938,3571,2545,1624,2127,1424,896,8616,radiant,8001.0,6136.0,6823.0,5846.0,6807.0,5322.0,4326.0,3102.0,4378.0,3602.0
41,6429,7186,4511,4688,3735,6193,7045,4698,3074,1826,236,141,-187,1614,1909,3713,radiant,6237.0,6114.0,7259.0,6981.0,4197.0,4616.0,4403.0,3333.0,3787.0,2035.0
42,6815,5527,4919,3413,2507,6875,5706,4572,3745,2939,-60,-179,347,-332,-432,-656,radiant,6538.0,6661.0,5629.0,5297.0,5076.0,4527.0,3337.0,3746.0,2648.0,2993.0
43,4715,5616,5566,2675,3589,7778,6818,5580,3203,3399,-3063,-1202,-14,-528,190,-4617,dire,4848.0,7796.0,5645.0,6662.0,5562.0,5188.0,2856.0,3057.0,3680.0,3389.0
44,7194,8181,6969,4906,4098,6449,6090,5322,3775,2906,745,2091,1647,1131,1192,6806,radiant,6804.0,6542.0,8184.0,5215.0,7141.0,5254.0,4999.0,3635.0,3967.0,2802.0
45,6003,6420,4549,4247,2667,6608,5624,6648,3997,3960,-605,796,-2099,250,-1293,-2951,dire,6073.0,6128.0,6087.0,5234.0,4463.0,6123.0,4184.0,3463.0,2532.0,3341.0
46,6481,6453,6293,3643,3375,5270,5420,4405,2912,2330,1211,1033,1888,731,1045,5908,radiant,6613.0,5236.0,6627.0,5111.0,6459.0,3906.0,3840.0,2586.0,3562.0,2250.0
47,5548,5438,3615,2319,4612,6254,7348,5707,3171,2626,-706,-1910,-2092,-852,1986,-3574,radiant,5264.0,6189.0,5574.0,7186.0,3882.0,5862.0,2496.0,2950.0,4557.0,2799.0
48,5501,6604,4340,4376,3077,6751,6346,5625,3386,2981,-1250,258,-1285,990,96,-1191,dire,5525.0,6507.0,6628.0,6393.0,4514.0,5885.0,4330.0,3640.0,3215.0,3102.0
49,5484,6438,6602,3198,2624,6245,6383,6426,3481,3195,-761,55,176,-283,-571,-1384,dire,5147.0,6153.0,6327.0,6488.0,6488.0,6265.0,3344.0,3451.0,2653.0,3413.0
50,7270,6632,5869,3053,2730,7427,7723,7519,4354,3426,-157,-1091,-1650,-1301,-696,-4895,dire,6856.0,7291.0,6792.0,7670.0,5916.0,7124.0,3193.0,4396.0,2839.0,3482.0
51,8359,6201,5814,3609,2744,7135,5550,6302,3415,3085,1224,651,-488,194,-341,1240,radiant,8293.0,6652.0,5961.0,5487.0,5802.0,6223.0,3599.0,3655.0,2856.0,3127.0
52,5219,6277,6722,3413,2288,6264,6765,6329,4467,3417,-1045,-488,393,-1054,-1129,-3323,dire,4816.0,5826.0,5702.0,6461.0,6889.0,6587.0,3309.0,4388.0,2335.0,3276.0
53,6076,5403,3800,2806,2273,6406,5954,4841,3335,3025,-330,-551,-1041,-529,-752,-3203,dire,6232.0,6170.0,5367.0,5793.0,3662.0,4745.0,2841.0,3378.0,2400.0,2975.0
54,6034,4829,6021,3350,2729,9196,7979,6485,4038,3949,-3162,-3150,-464,-688,-1220,-8684,dire,5624.0,8819.0,4673.0,8082.0,5919.0,6410.0,3463.0,4110.0,2506.0,4189.0
55,6517,5532,5004,2513,2407,5142,6202,5831,2982,3444,1375,-670,-827,-469,-1037,-1628,radiant,6334.0,4907.0,5663.0,6107.0,4922.0,5778.0,2723.0,3054.0,2634.0,3193.0
56,10286,6542,4448,4662,3347,6466,4257,3747,2685,2439,3820,2285,701,1977,908,9691,radiant,9966.0,6418.0,6328.0,4534.0,4190.0,3677.0,4814.0,2894.0,3485.0,2651.0
57,7991,5753,7257,4344,3457,7005,6091,5969,3034,2665,986,-338,1288,1310,792,4038,radiant,7310.0,7057.0,5801.0,6193.0,7259.0,6234.0,3789.0,3249.0,3259.0,2774.0
58,6204,4886,4445,2764,2169,6430,6313,5722,3694,2598,-226,-1427,-1277,-930,-429,-4289,dire,6313.0,6310.0,4883.0,6463.0,4545.0,5835.0,2928.0,3636.0,2283.0,2835.0
59,7726,5446,6587,4029,2644,6625,5211,6640,3003,3295,1101,235,-53,1026,-651,1658,radiant,7235.0,6166.0,5484.0,5103.0,6882.0,6673.0,4053.0,3054.0,2533.0,3398.0
60,8809,7251,8150,3730,4447,6860,6370,5409,3265,3518,1949,881,2741,465,929,6965,radiant,8592.0,6669.0,7158.0,6292.0,7905.0,5047.0,3669.0,3435.0,4330.0,3614.0
61,6087,6869,6424,3829,2673,5400,4904,5142,3233,2495,687,1965,1282,596,178,4708,dire,5997.0,5445.0,6645.0,4733.0,6156.0,5357.0,3877.0,3435.0,2721.0,2713.0
62,6396,6627,7597,4150,3585,6183,5860,5993,3658,2349,213,767,1604,492,1236,4312,radiant,6394.0,6024.0,6473.0,5796.0,7691.0,6085.0,4272.0,3918.0,3590.0,2566.0
63,9274,3898,4929,2786,2739,8774,5607,5835,4111,2665,500,-1709,-906,-1325,74,-3366,dire,8681.0,8688.0,3743.0,5649.0,4841.0,5983.0,2907.0,3944.0,2788.0,2869.0
64,7793,6578,6447,3363,3288,9118,6996,5349,3704,3137,-1325,-418,1098,-341,151,-835,dire,7793.0,8473.0,6103.0,6603.0,6681.0,5039.0,3161.0,3493.0,3105.0,2994.0
65,6156,7055,5805,3591,2998,5903,5293,4603,2825,2632,253,1762,1202,766,366,4349,radiant,6097.0,6000.0,6599.0,5205.0,5681.0,4734.0,3459.0,2983.0,2973.0,2879.0
66,6234,5411,5758,5158,3446,5629,5732,4322,6153,3766,605,-321,1436,-995,-320,405,dire,6308.0,5650.0,5461.0,5980.0,5849.0,4128.0,4533.0,6289.0,3500.0,3709.0
67,7039,7236,5574,3461,3936,5745,6807,4284,3906,2596,1294,429,1290,-445,1340,3908,dire,6676.0,5594.0,6947.0,6671.0,5184.0,4384.0,3504.0,4034.0,3717.0,2661.0
68,6041,6323,6033,3685,2958,6598,6480,6509,5445,3058,-557,-157,-476,-1760,-100,-3050,dire,5858.0,6420.0,6270.0,6242.0,5867.0,6732.0,3700.0,5761.0,3071.0,3315.0
69,6169,7320,4778,6039,4831,6169,4716,4881,2422,2259,0,2604,-103,3617,2572,8690,dire,6196.0,6251.0,7395.0,4606.0,4665.0,4704.0,5666.0,2477.0,5073.0,2401.0
70,6280,5553,6072,4263,3204,8223,6082,5689,3287,3283,-1943,-529,383,976,-79,-1192,dire,5564.0,7961.0,5546.0,6073.0,6269.0,5638.0,4148.0,3356.0,3295.0,3424.0
71,7774,5311,7691,3655,3480,7127,4626,5374,4386,2671,647,685,2317,-731,809,3727,dire,7530.0,6844.0,5345.0,4418.0,7520.0,5355.0,3715.0,4556.0,3560.0,2752.0
72,6709,6341,5497,2943,2236,7511,7756,5702,3547,2422,-802,-1415,-205,-604,-186,-3212,dire,6721.0,7276.0,6521.0,7786.0,5233.0,5694.0,2999.0,3620.0,2459.0,2668.0
73,6257,7428,6627,4142,3488,6829,3993,5543,2253,2934,-572,3435,1084,1889,554,6390,radiant,6021.0,6910.0,7051.0,4203.0,6555.0,5609.0,4204.0,2400.0,3608.0,2914.0
74,15552,13174,12666,8026,7903,11751,10150,9010,7422,4796,3801,3024,3656,604,3107,14192,radiant,15364.0,11806.0,13400.0,10176.0,12384.0,9334.0,8271.0,7767.0,8155.0,4967.0
75,8784,8119,7519,4384,3038,6739,6680,6710,4064,4114,2045,1439,809,320,-1076,3537,dire,8748.0,6526.0,7787.0,6340.0,7151.0,6966.0,4258.0,3693.0,2963.0,4198.0
76,10928,9527,9008,7911,5942,9220,5972,4890,2875,2554,1708,3555,4118,5036,3388,17805,radiant,10810.0,9644.0,9697.0,5987.0,9197.0,4702.0,7680.0,2813.0,6281.0,2512.0
77,7736,5562,5162,3798,2633,5493,3898,5834,2982,2806,2243,1664,-672,816,-173,3878,dire,7999.0,5274.0,5434.0,3901.0,5096.0,5852.0,4026.0,3058.0,2881.0,2730.0
78,6257,5773,5639,3249,3046,5605,5662,4525,3777,3340,652,111,1114,-528,-294,1055,dire,6188.0,5650.0,5825.0,5756.0,5558.0,4444.0,3432.0,3637.0,3105.0,3354.0
79,5105,5818,4873,3094,2790,6995,5712,6890,3956,3888,-1890,106,-2017,-862,-1098,-5761,dire,5460.0,6820.0,5300.0,5700.0,4954.0,6815.0,3014.0,3909.0,2773.0,4092.0
80,7517,6761,6443,4098,3743,8416,8480,6304,3620,4102,-899,-1719,139,478,-359,-2360,dire,7660.0,8197.0,6697.0,8114.0,6198.0,6219.0,3798.0,3645.0,3740.0,4030.0
81,8035,7849,6198,3686,4121,7236,8272,6870,3675,2984,799,-423,-672,11,1137,852,radiant,7896.0,7058.0,7708.0,8003.0,6005.0,6788.0,3789.0,3707.0,3897.0,3097.0
82,9535,7853,7124,5353,4373,5708,4907,4921,3715,3849,3827,2946,2203,1638,524,11138,radiant,9282.0,5644.0,7534.0,4948.0,7097.0,4796.0,5327.0,3816.0,4455.0,3835.0
83,7752,8550,6945,4827,4682,3915,3473,4044,1487,1970,3837,5077,2901,3340,2712,17867,radiant,7657.0,4212.0,8128.0,3599.0,6777.0,4201.0,4907.0,1674.0,4953.0,2191.0
84,7755,7588,5836,4587,4065,7206,6214,5041,2944,3050,549,1374,795,1643,1015,5376,radiant,7379.0,7109.0,7466.0,6124.0,5837.0,5143.0,4364.0,2935.0,4099.0,3278.0
85,9345,7981,8075,5074,4728,8476,6210,6509,5205,4147,869,1771,1566,-131,581,4656,radiant,8915.0,7994.0,7902.0,5691.0,8365.0,6078.0,5199.0,4782.0,4939.0,4036.0
86,6998,8108,5289,4484,4212,6858,6751,6282,3282,3236,140,1357,-993,1202,976,2682,radiant,6916.0,6554.0,8324.0,6684.0,5596.0,6005.0,4491.0,3311.0,4115.0,3396.0
87,9717,8139,7385,4413,3973,7696,8457,8758,4177,4023,2021,-318,-1373,236,-50,516,radiant,8943.0,7550.0,7719.0,8737.0,7017.0,8985.0,4582.0,4372.0,4025.0,4168.0
88,5327,5624,7514,3894,2640,5808,6386,4136,3002,2470,-481,-762,3378,892,170,3197,dire,5262.0,5689.0,5710.0,6452.0,7529.0,4148.0,3982.0,3101.0,2825.0,2646.0
89,6936,6561,6422,4256,3459,7340,8161,6425,4429,3705,-404,-1600,-3,-173,-246,-2426,radiant,6664.0,7695.0,6651.0,8048.0,6253.0,6398.0,3910.0,4370.0,3407.0,3676.0
90,7695,5754,5947,4913,3076,5398,5584,5128,3176,2784,2297,170,819,1737,292,5315,radiant,6975.0,5394.0,5391.0,5567.0,5825.0,5280.0,4614.0,3452.0,2993.0,2867.0
91,6877,7223,6402,4310,3796,7073,5964,4954,3255,2942,-196,1259,1448,1055,854,4420,radiant,6858.0,7326.0,7123.0,6131.0,6352.0,4873.0,3691.0,3490.0,3541.0,3152.0
92,8759,6696,5780,4757,3404,5476,5534,4261,1985,2349,3283,1162,1519,2772,1055,9791,radiant,8799.0,5170.0,6800.0,5033.0,6015.0,4183.0,5063.0,2036.0,3453.0,2401.0
93,8220,7914,6068,4046,3005,5187,4984,5099,2459,2203,3033,2930,969,1587,802,9321,radiant,8333.0,4869.0,7643.0,4432.0,6055.0,5205.0,4076.0,2466.0,2833.0,2143.0
94,3358,4308,4636,2009,2505,8811,8250,7494,4077,4003,-5453,-3942,-2858,-2068,-1498,-15819,dire,3580.0,8427.0,4592.0,8035.0,4704.0,7417.0,2170.0,3878.0,2619.0,4163.0
95,7054,5868,6533,2896,3093,6216,5707,5199,2976,3426,838,161,1334,-80,-333,1920,dire,6688.0,5899.0,5758.0,5675.0,6118.0,5025.0,2972.0,3243.0,3255.0,3501.0
96,6537,6386,6944,2867,3251,7266,6976,6197,4436,3624,-729,-590,747,-1569,-373,-2514,dire,5793.0,7232.0,5989.0,7398.0,6315.0,6564.0,3104.0,4667.0,3077.0,3638.0
97,5710,5847,6063,5802,4121,8876,8168,5700,4689,3021,-3166,-2321,363,1113,1100,-2911,dire,5515.0,8528.0,5260.0,8388.0,6322.0,5783.0,5578.0,4480.0,3828.0,3151.0
98,6627,5800,3434,5841,2570,7597,6062,5192,3597,3001,-970,-262,-1758,2244,-431,-1177,dire,6757.0,7727.0,5780.0,5822.0,3328.0,4962.0,5608.0,3577.0,2616.0,3008.0
99,5918,6935,5693,2522,2324,5819,5796,3625,5225,2250,99,1139,2068,-2703,74,677,dire,5920.0,5753.0,6631.0,5900.0,5859.0,3494.0,2451.0,5231.0,2325.0,2470.0
100,7443,5946,5156,3780,4147,5427,5383,5121,3295,2917,2016,563,35,485,1230,4329,dire,7556.0,5531.0,5832.0,5542.0,5281.0,4923.0,4096.0,3227.0,4433.0,2929.0
101,7570,5582,5370,3236,3821,6038,7147,6277,4048,2506,1532,-1565,-907,-812,1315,-437,dire,7019.0,6070.0,5486.0,7340.0,5206.0,6233.0,3237.0,3813.0,3757.0,2746.0
102,6720,5175,5727,2456,2846,6036,5290,4741,3695,3760,684,-115,986,-1239,-914,-598,dire,6453.0,5940.0,5119.0,5321.0,6019.0,4773.0,2384.0,3892.0,2841.0,3949.0
103,9633,9862,8753,5208,4617,9541,9861,7895,4231,5345,92,1,858,977,-728,1200,radiant,9619.0,9307.0,9683.0,9619.0,8731.0,7746.0,5007.0,4460.0,4654.0,5268.0
104,8805,6498,6651,2949,3744,6214,6508,7065,3811,2539,2591,-10,-414,-862,1205,2510,radiant,8537.0,6050.0,6292.0,6322.0,6756.0,7015.0,3011.0,4010.0,3669.0,2713.0
105,8044,5985,6640,4089,2972,6222,4172,5830,4813,2772,1822,1813,810,-724,200,3921,radiant,7954.0,5733.0,6155.0,4115.0,6733.0,5908.0,4250.0,4726.0,3164.0,2998.0
106,6304,4667,4834,3177,2662,6616,5671,6758,6807,3707,-312,-1004,-1924,-3630,-1045,-7915,dire,5568.0,6445.0,4153.0,5544.0,4618.0,7048.0,2533.0,6736.0,2480.0,3662.0
107,7532,6494,4870,4304,2470,5456,6256,5798,3978,3554,2076,238,-928,326,-1084,628,radiant,7130.0,5483.0,6502.0,6341.0,4481.0,5564.0,4038.0,4165.0,2514.0,3758.0
108,5948,6896,6295,3200,4050,7067,6336,4952,3087,2285,-1119,560,1343,113,1765,2662,radiant,5835.0,6769.0,6708.0,6568.0,6228.0,5147.0,3275.0,2973.0,3806.0,2451.0
109,7626,6950,5420,4225,3724,8325,6483,5212,3542,3131,-699,467,208,683,593,1252,radiant,7473.0,8127.0,6712.0,6560.0,5448.0,5129.0,4536.0,3803.0,3726.0,3113.0
110,5795,5788,4871,3397,2799,6826,6336,5171,3668,3336,-1031,-548,-300,-271,-537,-2687,dire,5619.0,7264.0,5789.0,6111.0,4951.0,5283.0,3450.0,3950.0,2845.0,3565.0
111,6845,6792,5567,4412,4344,5957,5694,5510,3476,3107,888,1098,57,936,1237,4216,radiant,6840.0,6047.0,6644.0,4540.0,5735.0,4846.0,4316.0,2951.0,4353.0,2516.0
112,6823,6896,7250,2272,2058,8248,7208,6540,3258,2032,-1425,-312,710,-986,26,-1987,dire,6778.0,8038.0,6927.0,7163.0,7315.0,6445.0,2194.0,3305.0,2222.0,2237.0
113,7369,6691,3047,5238,2442,7988,7195,4603,3070,2602,-619,-504,-1556,2168,-160,-671,dire,7109.0,8030.0,6594.0,6911.0,3114.0,4158.0,5500.0,3257.0,2562.0,2820.0
114,5272,5356,4387,2995,2062,8666,7721,6808,5039,4543,-3394,-2365,-2421,-2044,-2481,-12705,dire,5548.0,8092.0,5116.0,7825.0,4652.0,6536.0,3231.0,4528.0,2251.0,4436.0
115,6354,4960,5136,2063,2458,8012,7352,5431,2195,2311,-1658,-2392,-295,-132,147,-4330,dire,6261.0,7837.0,4929.0,7062.0,5293.0,5332.0,2146.0,2404.0,2661.0,2533.0
116,3897,4462,3649,3608,2098,9284,7183,7293,5107,4242,-5387,-2721,-3644,-1499,-2144,-15395,dire,4173.0,8548.0,4503.0,7221.0,3622.0,7327.0,3437.0,4948.0,2023.0,3651.0
117,5283,6090,4383,2364,2416,6447,7218,6472,3316,2770,-1164,-1128,-2089,-952,-354,-5687,radiant,5001.0,6290.0,5930.0,7276.0,4508.0,6346.0,2594.0,3259.0,2482.0,2757.0
118,4700,4726,4984,2874,2791,6076,6915,5639,3519,2902,-1376,-2189,-655,-645,-111,-4976,dire,4486.0,6102.0,4978.0,6758.0,5175.0,5666.0,3111.0,3485.0,2914.0,3002.0
119,4540,4906,4154,2012,2141,6487,6973,6480,4161,4201,-1947,-2067,-2326,-2149,-2060,-10549,dire,4593.0,6235.0,4654.0,6878.0,3919.0,6116.0,2212.0,3780.0,2340.0,4164.0
120,5505,6478,4967,3610,2658,7670,7722,6265,5002,3688,-2165,-1244,-1298,-1392,-1030,-7129,dire,5382.0,7829.0,6468.0,8010.0,5112.0,6297.0,3706.0,4946.0,2705.0,3963.0
121,8359,7947,6393,4573,3845,9156,5916,5358,3539,3232,-797,2031,1035,1034,613,3916,radiant,7690.0,8799.0,7783.0,6160.0,6430.0,5702.0,4647.0,3665.0,3971.0,3485.0
122,8415,10433,7524,4545,3940,6247,5608,6684,3965,3473,2168,4825,840,580,467,8880,radiant,8080.0,6221.0,10024.0,5599.0,7587.0,6552.0,4202.0,4122.0,3966.0,3733.0
123,5398,6803,5854,3075,3722,5399,4928,4611,3466,3172,-1,1875,1243,-391,550,3276,radiant,5279.0,5480.0,6680.0,5244.0,5385.0,4447.0,2944.0,3699.0,3181.0,3116.0
124,7624,6967,6800,3710,3818,7385,8290,6821,4084,4018,239,-1323,-21,-374,-200,-1679,radiant,7427.0,6998.0,7139.0,8460.0,6817.0,6709.0,3830.0,4013.0,3869.0,4096.0
125,7965,7343,6066,4619,5168,5592,5012,4342,3795,3012,2373,2331,1724,824,2156,9408,radiant,7717.0,5912.0,7065.0,5075.0,5418.0,3964.0,4571.0,3703.0,4590.0,3283.0
126,5768,5062,5052,3199,2236,7108,6119,4890,3721,3758,-1340,-1057,162,-522,-1522,-4279,dire,5965.0,7300.0,5264.0,6561.0,5252.0,5141.0,3112.0,3562.0,2329.0,4012.0
127,7851,7834,6556,3936,4063,5290,5574,4334,3576,2857,2561,2260,2222,360,1206,8609,radiant,7952.0,5182.0,7811.0,5622.0,6728.0,4508.0,4256.0,3558.0,4367.0,3115.0
128,9967,9319,9102,5187,4575,5045,4978,4025,2583,2317,4922,4341,5077,2604,2258,19202,radiant,9480.0,4862.0,9046.0,5245.0,8696.0,4208.0,4905.0,2755.0,4492.0,2508.0
129,6336,5244,4456,2904,2968,7222,4306,5323,3840,2489,-886,938,-867,-936,479,-1272,dire,6657.0,6390.0,5623.0,3809.0,4699.0,4779.0,3136.0,3076.0,3243.0,2235.0
130,11110,10017,8999,6321,4690,4393,4079,3011,2382,2158,6717,5938,5988,3939,2532,25114,radiant,10927.0,4431.0,9901.0,4058.0,8699.0,2900.0,6114.0,2567.0,4595.0,2360.0
131,5412,7161,5654,2685,3332,7537,6113,5959,5259,4327,-2125,1048,-305,-2574,-995,-4951,radiant,5494.0,7433.0,6932.0,5788.0,5652.0,6126.0,2928.0,5195.0,3397.0,4276.0
132,9558,8330,8943,4878,4101,5680,4961,3522,2041,2313,3878,3369,5421,2837,1788,17293,radiant,9309.0,5629.0,8134.0,5064.0,9080.0,3595.0,4778.0,2126.0,4285.0,2441.0
133,12111,9833,9262,4252,4862,8558,5860,4972,3989,3505,3553,3973,4290,263,1357,13436,radiant,11768.0,7843.0,9444.0,5942.0,8764.0,5094.0,4200.0,4174.0,4624.0,3505.0
134,9032,8339,9455,5285,4473,5503,4788,4995,2632,2828,3529,3551,4460,2653,1645,15838,radiant,8460.0,5707.0,8054.0,5081.0,9151.0,5273.0,5201.0,2868.0,4125.0,3059.0
135,8199,4721,6058,2865,3620,6459,6239,5150,3813,3375,1740,-1518,908,-948,245,427,radiant,7956.0,6075.0,4898.0,6643.0,5904.0,5162.0,2932.0,3881.0,3730.0,3519.0
136,8272,5222,5612,3412,2595,6113,6132,6770,3501,3434,2159,-910,-1158,-89,-839,-837,dire,7712.0,5850.0,5136.0,5766.0,5459.0,6874.0,3671.0,3321.0,2701.0,3206.0
137,6643,7104,5856,2954,3498,5706,5333,3972,4177,3464,937,1771,1884,-1223,34,3403,radiant,6636.0,5608.0,7246.0,5023.0,5811.0,3899.0,3108.0,4310.0,3686.0,3398.0
138,6654,5633,6573,3246,3001,6568,6695,6024,3778,2813,86,-1062,549,-532,188,-771,radiant,6297.0,6445.0,4975.0,6711.0,6340.0,5998.0,3234.0,3981.0,2553.0,2978.0
139,6440,6436,4386,2278,2617,6987,5247,7019,3113,3058,-547,1189,-2633,-835,-441,-3267,dire,6105.0,6276.0,6252.0,5337.0,4210.0,7196.0,2248.0,2711.0,2763.0,2976.0
140,8482,8263,6719,5049,3466,5918,5162,5521,3075,3272,2564,3101,1198,1974,194,9031,radiant,7599.0,5723.0,7790.0,5138.0,6308.0,5771.0,4950.0,3028.0,3310.0,3330.0
141,5920,5524,6445,3390,3735,6953,6469,5923,3877,2491,-1033,-945,522,-487,1244,-699,radiant,6190.0,6317.0,5628.0,6150.0,6544.0,6029.0,3550.0,3605.0,3401.0,2456.0
142,7760,6544,7514,4421,3650,7101,6482,4821,2799,1921,659,62,2693,1622,1729,6765,radiant,7445.0,6830.0,5982.0,6337.0,7504.0,4814.0,4266.0,2954.0,3728.0,2021.0
143,6974,6752,6480,3500,3163,4179,4402,3449,2498,2397,2795,2350,3031,1002,766,9944,radiant,6804.0,4279.0,6521.0,4481.0,6140.0,3673.0,3345.0,2742.0,3065.0,2508.0
144,6374,7086,6435,4699,4037,6988,4851,4638,3846,2598,-614,2235,1797,853,1439,5710,radiant,5673.0,6843.0,6997.0,5008.0,5986.0,4605.0,4574.0,4158.0,3719.0,2854.0
145,5382,5471,5513,3491,2419,6577,6827,5962,2900,2837,-1195,-1356,-449,591,-418,-2827,dire,5413.0,6469.0,5481.0,6620.0,5707.0,5991.0,3777.0,2924.0,2594.0,3001.0
146,8811,7462,6114,3932,3657,5853,5899,4555,2458,2376,2958,1563,1559,1474,1281,8835,radiant,8559.0,6063.0,7296.0,5587.0,6127.0,4586.0,4080.0,2650.0,3546.0,2601.0
147,4928,4720,4525,2358,3123,6931,5750,5734,3393,3073,-2003,-1030,-1209,-1035,50,-5227,dire,5128.0,7185.0,4688.0,5507.0,4493.0,5789.0,2279.0,3296.0,3211.0,3124.0
148,6113,6965,6815,3776,2669,5980,5646,4089,3453,2298,133,1319,2726,323,371,4872,radiant,6224.0,5772.0,6753.0,5628.0,6595.0,4208.0,3659.0,3711.0,2872.0,2471.0
149,6590,6206,3864,3922,4136,6869,4441,4627,4647,3149,-279,1765,-763,-725,987,985,dire,6486.0,6829.0,5980.0,4155.0,3824.0,4787.0,3837.0,4356.0,4005.0,3394.0
150,6308,5280,5725,3847,2295,5097,5700,4705,3501,2770,1211,-420,1020,346,-475,1682,radiant,6528.0,4895.0,4965.0,5779.0,5483.0,4774.0,3758.0,3628.0,2438.0,2303.0
151,7470,6154,4948,3061,2796,6706,5653,5095,2729,3992,764,501,-147,332,-1196,254,radiant,6575.0,6408.0,5659.0,5661.0,4811.0,5141.0,2724.0,2821.0,2732.0,3925.0
152,6512,6761,6314,3689,3389,6222,5435,4937,2971,2899,290,1326,1377,718,490,4201,radiant,6145.0,6354.0,6758.0,5508.0,6376.0,5033.0,3469.0,2915.0,3370.0,2896.0
153,5691,6834,6782,3176,3794,5158,6598,6661,2943,2712,533,236,121,233,1082,2205,radiant,5463.0,5316.0,6673.0,6722.0,6750.0,6364.0,3237.0,3079.0,3976.0,2839.0
154,6230,6133,6373,2689,3165,4802,6095,4348,3063,2948,1428,38,2025,-374,217,3334,dire,6070.0,4624.0,6164.0,5763.0,6586.0,4401.0,2894.0,2891.0,3406.0,2824.0
155,6391,5922,5563,3472,3405,6480,5965,5807,3365,2930,-89,-43,-244,107,475,206,dire,6348.0,6234.0,6118.0,5945.0,5517.0,5645.0,3537.0,3459.0,3678.0,2992.0
156,6872,5903,4814,3376,2932,7763,5477,5249,3000,2914,-891,426,-435,376,18,-506,dire,6741.0,7345.0,6104.0,5322.0,5115.0,4791.0,3630.0,2946.0,3206.0,2860.0
157,6634,5680,6035,3866,3149,7437,5917,5398,3016,3118,-803,-237,637,850,31,478,dire,6698.0,7561.0,5651.0,5830.0,6123.0,5086.0,3905.0,3173.0,3321.0,2962.0
158,6334,6183,6547,2996,2738,6631,6245,5662,2870,2912,-297,-62,885,126,-174,478,dire,6307.0,6682.0,6239.0,6398.0,6301.0,5816.0,3212.0,2995.0,2965.0,3186.0
159,6405,6866,5667,2818,3535,5765,6087,5145,2896,2930,640,779,522,-78,605,2468,radiant,6649.0,5633.0,6684.0,5867.0,5324.0,5109.0,2917.0,2601.0,3492.0,2824.0
160,7271,5819,5851,3055,2774,5476,5726,6626,3047,2339,1795,93,-775,8,435,1556,radiant,7247.0,5734.0,5958.0,5823.0,5748.0,6799.0,2654.0,3312.0,2599.0,2561.0
161,5733,6288,5513,4088,3011,6697,3872,5113,4380,2590,-964,2416,400,-292,421,1981,dire,5755.0,6308.0,6297.0,3925.0,5668.0,5146.0,4054.0,4467.0,3051.0,2720.0
162,7604,5376,5829,3723,3007,5798,4919,4170,2416,2497,1806,457,1659,1307,510,5739,radiant,7426.0,5565.0,5553.0,5107.0,5561.0,4243.0,3723.0,2653.0,3042.0,2492.0
163,6057,5866,7777,3008,3533,5917,5953,6082,3180,2535,140,-87,1695,-172,998,2574,radiant,5830.0,6102.0,5741.0,6082.0,7583.0,5769.0,3000.0,3425.0,3515.0,2776.0
164,5376,6059,5034,2560,2998,5542,6253,6450,5787,3848,-166,-194,-1416,-3227,-850,-5853,dire,5302.0,5587.0,5693.0,6327.0,4909.0,6439.0,2680.0,5667.0,3014.0,4082.0
165,5745,6300,4608,3004,3539,5947,4553,4208,5111,3200,-202,1747,400,-2107,339,177,radiant,5496.0,5532.0,6297.0,4445.0,4754.0,3996.0,3074.0,5057.0,3641.0,3374.0
166,5159,5138,6291,3671,3569,6626,3129,5750,5824,2986,-1467,2009,541,-2153,583,-487,dire,5294.0,6365.0,4898.0,3082.0,6007.0,5390.0,3274.0,5793.0,3375.0,2981.0
167,7473,6604,6098,3288,3439,4632,6314,6045,3429,2649,2841,290,53,-141,790,3833,radiant,7191.0,4437.0,6429.0,6241.0,6294.0,5135.0,3395.0,3038.0,3555.0,2586.0
168,5595,6844,6474,3917,3693,4852,5140,5540,3363,2779,743,1704,934,554,914,4849,radiant,5195.0,4996.0,6519.0,5259.0,6000.0,5774.0,4041.0,3261.0,3695.0,2999.0
169,7079,7159,6090,3744,3665,5997,6168,6094,3932,3762,1082,991,-4,-188,-97,1784,dire,6977.0,5930.0,7132.0,5845.0,6203.0,5842.0,3803.0,3802.0,3860.0,3412.0
170,5871,4772,4082,2192,2184,7884,7039,7002,4425,4245,-2013,-2267,-2920,-2233,-2061,-11494,dire,5739.0,7732.0,4716.0,7006.0,3969.0,7047.0,2214.0,4749.0,2333.0,4305.0
171,8527,7769,7655,4339,3375,6423,4544,4197,3216,2691,2104,3225,3458,1123,684,10594,radiant,8512.0,6338.0,7407.0,4843.0,7206.0,4501.0,4108.0,3373.0,3373.0,2626.0
172,6152,6248,6926,4040,4077,6905,5963,6837,4499,3710,-753,285,89,-459,367,-471,dire,6064.0,6596.0,6632.0,5718.0,6860.0,6415.0,4273.0,3677.0,4323.0,3684.0
173,5769,6864,6322,2846,3259,7018,6395,6249,3173,2911,-1249,469,73,-327,348,-686,dire,5757.0,6579.0,6591.0,6249.0,6396.0,5635.0,3068.0,3136.0,3421.0,3053.0
174,6135,6297,5962,5217,4838,6421,5525,6170,3990,3377,-286,772,-208,1227,1461,2966,radiant,6006.0,6281.0,6533.0,5225.0,5855.0,6240.0,5385.0,4100.0,4901.0,3534.0
175,6880,5683,5779,2144,2119,8265,6791,6076,2856,2998,-1385,-1108,-297,-712,-879,-4381,dire,6787.0,8170.0,5563.0,6849.0,5797.0,6090.0,2297.0,2995.0,2340.0,3175.0
176,5763,4965,3951,3087,2713,8730,5539,4267,2624,2972,-2967,-574,-316,463,-259,-3653,dire,5494.0,8090.0,5056.0,5303.0,4190.0,3918.0,3317.0,2597.0,2975.0,2854.0
177,7694,6409,5424,3655,3759,10324,7610,7770,4436,4567,-2630,-1201,-2346,-781,-808,-7766,dire,7465.0,9826.0,6641.0,7446.0,5487.0,7488.0,3769.0,4331.0,3905.0,4324.0
178,6425,5822,5040,3936,3098,7037,6597,5901,4971,3918,-612,-775,-861,-1035,-820,-4103,dire,6374.0,7226.0,6099.0,6881.0,5019.0,5813.0,4227.0,4722.0,3302.0,4085.0
179,8147,7797,7230,5391,3585,2781,3834,2102,2080,1773,5366,3963,5128,3311,1812,19580,radiant,8336.0,3038.0,7600.0,4159.0,6987.0,2310.0,5424.0,2277.0,3662.0,1981.0
180,5633,6606,6201,3126,2902,5627,5492,4567,3413,3228,6,1114,1634,-287,-326,2141,radiant,5583.0,5756.0,6656.0,5580.0,6141.0,4457.0,3069.0,3205.0,2879.0,3256.0
181,5772,6257,5533,3992,3473,6867,5679,5304,3124,3246,-1095,578,229,868,227,807,radiant,5709.0,6450.0,6219.0,5373.0,5722.0,5413.0,3778.0,3174.0,3671.0,3105.0
182,8689,5552,5801,3085,3799,5689,5125,6017,2967,2698,3000,427,-216,118,1101,4430,radiant,8396.0,5745.0,5585.0,4822.0,5938.0,5870.0,3285.0,2744.0,3796.0,2567.0
183,9248,8598,8569,4965,3531,7433,6940,6586,4081,3479,1815,1658,1983,884,52,6392,radiant,8856.0,7629.0,8239.0,6973.0,8252.0,6765.0,4705.0,4344.0,3715.0,3607.0
184,7383,8090,6033,3237,3744,6393,6345,7514,3212,2839,990,1745,-1481,25,905,2184,dire,7276.0,6706.0,8120.0,5825.0,6265.0,6632.0,3318.0,3365.0,3466.0,2628.0
185,6468,4423,4760,2600,2955,5582,6094,5632,3161,3220,886,-1671,-872,-561,-265,-2483,dire,6230.0,5493.0,4451.0,5774.0,4894.0,5561.0,2565.0,3408.0,3141.0,3407.0
186,9173,6761,4376,2988,3477,7505,7390,7184,3415,3002,1668,-629,-2808,-427,475,-1721,dire,8358.0,7469.0,6683.0,7327.0,4619.0,7227.0,3113.0,3602.0,3352.0,3277.0
187,6079,5571,5645,2643,2436,6292,6873,6991,3968,2969,-213,-1302,-1346,-1325,-533,-4719,dire,6124.0,5962.0,5294.0,6763.0,5555.0,7083.0,2875.0,3908.0,2520.0,3117.0
188,5148,6617,5851,4538,3406,4721,6431,3805,4159,2969,427,186,2046,379,437,3475,dire,5135.0,4455.0,6615.0,6107.0,5581.0,3700.0,4396.0,4280.0,3388.0,3101.0
189,6366,5905,5437,7217,4703,9148,7528,5648,4637,4469,-2782,-1623,-211,2580,234,-1802,dire,6383.0,8724.0,6138.0,7432.0,5035.0,5797.0,7043.0,4666.0,4955.0,4179.0
190,7280,6202,7085,3490,4098,8544,8243,6162,3826,4013,-1264,-2041,923,-336,85,-2633,dire,7072.0,8264.0,6227.0,8348.0,7359.0,6242.0,3678.0,3875.0,4072.0,4213.0
191,7018,5577,5549,3927,3462,6758,5906,4941,6047,4056,260,-329,608,-2120,-594,-2175,dire,7066.0,6382.0,5479.0,4965.0,5649.0,4388.0,4138.0,5717.0,3557.0,3753.0
192,6624,6858,6335,3417,2923,5840,5864,4247,2879,3654,784,994,2088,538,-731,3673,dire,6806.0,5733.0,6436.0,5726.0,5882.0,3891.0,3063.0,2927.0,2864.0,3685.0
193,7108,7500,7565,2968,4511,9821,7330,7999,5899,3801,-2713,170,-434,-2931,710,-5198,radiant,7004.0,10049.0,7787.0,7080.0,7431.0,7493.0,3215.0,6058.0,4552.0,4067.0
194,8594,8078,9173,4210,4026,6908,7103,6925,4285,3221,1686,975,2248,-75,805,5639,radiant,7752.0,7205.0,7580.0,7471.0,8957.0,7351.0,4000.0,4571.0,3936.0,3456.0
195,5305,5373,4670,2810,2725,6954,7881,4942,2793,3175,-1649,-2508,-272,17,-450,-4862,dire,5478.0,6788.0,5762.0,7169.0,4893.0,4786.0,2891.0,2678.0,2902.0,3074.0
196,5933,6074,7181,3651,2657,6114,6147,4915,4107,3025,-181,-73,2266,-456,-368,1188,radiant,5844.0,5890.0,6157.0,6221.0,7091.0,4838.0,3709.0,4121.0,2771.0,3129.0
197,7957,6963,6235,4748,3443,7620,5671,4991,2942,2821,337,1292,1244,1806,622,5301,radiant,7865.0,7361.0,6854.0,5191.0,6355.0,4636.0,4454.0,3012.0,3742.0,2906.0
198,7447,6903,6165,3370,3758,6041,6572,6169,3994,2662,1406,331,-4,-624,1096,2205,dire,7459.0,6093.0,6757.0,6675.0,6239.0,6227.0,3362.0,4042.0,3862.0,2822.0
199,6748,6131,6147,3148,2387,5616,5762,5212,2782,2833,1132,369,935,366,-446,2356,dire,6480.0,5528.0,6190.0,5724.0,6178.0,5173.0,3197.0,2965.0,2495.0,3103.0
200,7332,6924,6427,3105,3268,8000,5914,5519,2883,3410,-668,1010,908,222,-142,1330,radiant,7380.0,8029.0,6973.0,5657.0,6189.0,5494.0,3305.0,3043.0,3371.0,3544.0
201,6315,5583,3478,2351,1671,8932,7930,7407,3645,2618,-2617,-2347,-3929,-1294,-947,-11134,dire,6375.0,8633.0,5662.0,7702.0,3649.0,6784.0,2445.0,3620.0,1867.0,2419.0
202,8070,8668,6241,6099,4163,5283,4786,4582,1975,2229,2787,3882,1659,4124,1934,14386,radiant,7728.0,5297.0,8509.0,5042.0,6256.0,4254.0,6068.0,2186.0,4171.0,2443.0
203,6586,5649,5618,3087,2988,8174,7925,7005,5618,4765,-1588,-2276,-1387,-2531,-1777,-9559,dire,6693.0,7465.0,5396.0,7668.0,5810.0,6626.0,3135.0,5489.0,3230.0,4762.0
204,6875,7477,7159,4724,4387,5884,8066,6230,4252,3765,991,-589,929,472,622,2425,dire,6634.0,6011.0,7200.0,7755.0,6824.0,5870.0,4450.0,4314.0,4369.0,3813.0
205,9479,9325,9251,4528,4494,6508,5634,4284,4116,4068,2971,3691,4967,412,426,12467,radiant,8855.0,6351.0,9084.0,5783.0,9637.0,4493.0,4362.0,4339.0,4523.0,4068.0
206,6793,5656,6261,2570,2414,7376,6872,7395,5598,3479,-583,-1216,-1134,-3028,-1065,-7026,dire,6869.0,7166.0,5654.0,6799.0,6207.0,7259.0,2782.0,5453.0,2624.0,3419.0
207,6877,6236,6002,3770,2749,7099,6982,6690,3207,3689,-222,-746,-688,563,-940,-2033,radiant,6478.0,7045.0,6458.0,6974.0,5773.0,6470.0,3913.0,3386.0,2793.0,3922.0
208,7968,6081,5884,3559,3084,7031,5101,4980,3570,3392,937,980,904,-11,-308,2502,dire,7760.0,6989.0,6002.0,4836.0,5772.0,4795.0,3476.0,3656.0,3145.0,3491.0
209,8019,5991,5395,3790,3307,7470,7343,5123,3224,3848,549,-1352,272,566,-541,-506,radiant,8095.0,6967.0,5727.0,6890.0,5772.0,5110.0,3883.0,3222.0,3066.0,3819.0
210,9998,6828,5048,3955,4263,6688,5685,5163,5626,3334,3310,1143,-115,-1671,929,3596,radiant,9240.0,6177.0,6767.0,5776.0,4877.0,5185.0,3608.0,5517.0,3894.0,3252.0
211,7067,6191,6919,3469,3514,6603,6369,5059,2738,2129,464,-178,1860,731,1385,4262,dire,6988.0,6308.0,6159.0,5806.0,7066.0,5035.0,3550.0,2720.0,3481.0,2303.0
212,6272,7585,6048,3124,2139,6048,6254,7288,2275,1899,224,1331,-1240,849,240,1404,radiant,6334.0,5938.0,7597.0,6293.0,6153.0,7344.0,3012.0,2465.0,2273.0,2111.0
213,7791,6860,4681,3747,3299,5687,5877,4827,4727,3089,2104,983,-146,-980,210,2171,radiant,7247.0,5485.0,6321.0,5984.0,4386.0,5026.0,3434.0,4627.0,3052.0,3286.0
214,5930,5132,5543,3099,2556,7839,6304,4796,4575,3676,-1909,-1172,747,-1476,-1120,-4930,dire,5910.0,8027.0,5383.0,6190.0,5733.0,4798.0,3370.0,4779.0,2624.0,3788.0
215,5744,5594,4946,3387,2007,6828,6986,6510,3195,2424,-1084,-1392,-1564,192,-417,-4265,radiant,6032.0,6679.0,5585.0,6938.0,4962.0,5981.0,3538.0,2886.0,2162.0,2416.0
216,8668,8339,5307,3771,2769,12078,7914,9480,5009,4889,-3410,425,-4173,-1238,-2120,-10516,dire,8189.0,12348.0,8015.0,7841.0,5339.0,9092.0,3726.0,4958.0,2749.0,4911.0
217,7331,6794,6412,3214,3240,7326,5785,5033,3345,3047,5,1009,1379,-131,193,2455,radiant,7087.0,7025.0,6427.0,5922.0,6275.0,5196.0,3264.0,3379.0,3075.0,3222.0
218,5724,5811,5619,3598,3365,5393,7539,6929,2727,2976,331,-1728,-1310,871,389,-1447,dire,5543.0,5327.0,6009.0,7485.0,5827.0,6579.0,3793.0,2745.0,3629.0,3224.0
219,8462,7344,6816,4556,3752,10197,9722,8970,4291,3822,-1735,-2378,-2154,265,-70,-6072,dire,8009.0,9997.0,7217.0,9750.0,6644.0,9013.0,4728.0,4465.0,3827.0,3976.0
220,6284,5890,5136,3126,2295,6805,5611,5341,3308,2823,-521,279,-205,-182,-528,-1157,dire,6260.0,6475.0,5602.0,5528.0,5294.0,5102.0,3218.0,3502.0,2369.0,3015.0
221,6252,5727,6512,4199,3252,4789,6019,4953,3223,3297,1463,-292,1559,976,-45,3661,dire,6118.0,4580.0,5803.0,6036.0,6405.0,4817.0,4030.0,3390.0,3081.0,3256.0
222,6696,5914,4245,2834,3100,7141,5435,6851,3959,2879,-445,479,-2606,-1125,221,-3476,dire,6564.0,6866.0,5845.0,5078.0,4388.0,6901.0,3026.0,3898.0,3301.0,2978.0
223,8240,5819,8014,3821,3759,8406,7070,6819,4601,4409,-166,-1251,1195,-780,-650,-1652,radiant,8019.0,8113.0,6014.0,7203.0,7939.0,6958.0,3717.0,4784.0,3771.0,4396.0
224,6949,6994,5527,2941,2048,7221,6974,5190,2809,2322,-272,20,337,132,-274,-57,radiant,6897.0,7054.0,7063.0,6811.0,5463.0,5266.0,3170.0,2850.0,2256.0,2380.0
225,5788,6770,5376,4879,3631,7735,7792,5434,4097,3485,-1947,-1022,-58,782,146,-2099,dire,5635.0,7224.0,7174.0,7160.0,5634.0,5330.0,5018.0,3976.0,3858.0,3395.0
226,6490,5726,5819,3810,2814,8075,7713,7155,2914,3303,-1585,-1987,-1336,896,-489,-4501,radiant,6250.0,7756.0,5369.0,7393.0,5581.0,6793.0,3750.0,2940.0,2509.0,3343.0
227,6834,6356,6246,3665,3125,8047,6831,5335,3841,2936,-1213,-475,911,-176,189,-764,dire,6837.0,7867.0,6176.0,7073.0,5934.0,5181.0,3857.0,4042.0,3137.0,3124.0
228,6721,7259,6602,4639,4571,6156,6278,5106,4884,3477,565,981,1496,-245,1094,3891,radiant,7008.0,6020.0,7299.0,6071.0,6572.0,5335.0,4671.0,4434.0,4081.0,3199.0
229,5638,4265,4193,4547,3299,7887,7009,6475,4678,4122,-2249,-2744,-2282,-131,-823,-8229,dire,5668.0,7913.0,4294.0,7247.0,4261.0,6642.0,4680.0,4545.0,3517.0,4309.0
230,6940,6711,6043,3322,3084,8390,6386,5606,3193,3894,-1450,325,437,129,-810,-1369,dire,7315.0,7772.0,7133.0,6019.0,5983.0,5350.0,3593.0,3322.0,3321.0,3556.0
231,9393,7614,6790,4088,3782,5076,5149,5208,2893,2347,4317,2465,1582,1195,1435,10994,radiant,9103.0,5179.0,7473.0,5004.0,7020.0,5362.0,4031.0,2620.0,4088.0,2543.0
232,8096,6743,5533,4740,3271,6084,4279,5276,3771,2131,2012,2464,257,969,1140,6842,radiant,8081.0,6300.0,6738.0,4252.0,5677.0,5203.0,4582.0,3780.0,3493.0,2334.0
233,6841,6093,6764,2929,3273,7570,5931,4952,3428,2503,-729,162,1812,-499,770,1516,radiant,5846.0,7269.0,6414.0,5727.0,6631.0,4947.0,2898.0,2848.0,3043.0,2584.0
234,5491,6347,5947,4881,4599,6020,6774,7724,3038,2951,-529,-427,-1777,1843,1648,758,dire,5347.0,6096.0,6279.0,6670.0,6147.0,7715.0,4866.0,3299.0,4714.0,3191.0
235,6657,6192,5691,5756,4770,8488,7222,7616,5350,4598,-1831,-1030,-1925,406,172,-4208,dire,7054.0,7896.0,5911.0,7585.0,5422.0,7360.0,5858.0,5632.0,4806.0,4762.0
236,6941,6511,5557,3492,3285,6730,4868,3734,4716,3095,211,1643,1823,-1224,190,2643,radiant,6640.0,6754.0,6641.0,5084.0,5396.0,3732.0,3531.0,4789.0,3368.0,3271.0
237,6752,5203,5432,2196,2938,5317,5317,3886,5673,3026,1435,-114,1546,-3477,-88,-698,dire,6462.0,5340.0,4928.0,5053.0,4606.0,3903.0,2329.0,6047.0,3089.0,3280.0
238,7102,6547,5169,3874,2866,7838,6340,4979,4236,3559,-736,207,190,-362,-693,-1394,radiant,6455.0,8021.0,5369.0,6503.0,4542.0,5076.0,2968.0,4359.0,2875.0,3482.0
239,6942,6544,5979,3784,3272,6953,7142,6105,4769,4663,-11,-598,-126,-985,-1391,-3111,dire,7152.0,6676.0,6373.0,7168.0,5923.0,6089.0,4078.0,5034.0,3520.0,4659.0
240,5870,5623,4412,2707,2680,6631,5845,5195,3086,3009,-761,-222,-783,-379,-329,-2474,dire,5497.0,6163.0,5490.0,5645.0,4252.0,5124.0,2708.0,3094.0,2642.0,2857.0
241,8887,6293,5128,4443,3256,5839,6450,5949,3273,3645,3048,-157,-821,1170,-389,2851,radiant,8486.0,5778.0,5964.0,6437.0,5199.0,6136.0,4347.0,3503.0,3232.0,3854.0
242,5924,5970,6589,4093,3806,6854,5440,5093,4102,3635,-930,530,1496,-9,171,1258,dire,6338.0,6657.0,5868.0,5571.0,6832.0,5146.0,4432.0,4092.0,4119.0,3915.0
243,8247,5286,3950,2865,2490,7323,6499,5573,4087,4284,924,-1213,-1623,-1222,-1794,-4928,dire,7604.0,7162.0,5412.0,6365.0,3757.0,5870.0,2727.0,4281.0,2160.0,3927.0
244,7524,6951,5227,3204,2785,6362,5405,4101,2494,1930,1162,1546,1126,710,855,5399,radiant,7075.0,6239.0,6810.0,5384.0,5083.0,4396.0,3325.0,2614.0,2758.0,2134.0
245,5420,4730,5341,2841,2597,8278,7691,5228,4605,3433,-2858,-2961,113,-1764,-836,-8306,dire,5323.0,7851.0,4657.0,7767.0,5519.0,5344.0,3080.0,4452.0,2788.0,3654.0
246,7555,7475,5143,4654,3607,7870,5064,4880,3723,2915,-315,2411,263,931,692,3982,radiant,6504.0,7047.0,7792.0,5017.0,5247.0,4737.0,4600.0,3428.0,3531.0,3172.0
247,5115,5486,3416,2514,2896,8289,6241,5899,4102,3361,-3174,-755,-2483,-1588,-465,-8465,dire,5238.0,7864.0,5616.0,6348.0,3518.0,5764.0,2521.0,4130.0,2760.0,3171.0
248,9003,6579,5618,3941,4187,4534,5807,4932,4191,2885,4469,772,686,-250,1302,6979,radiant,8599.0,4379.0,6701.0,5025.0,5652.0,4769.0,4131.0,4142.0,4443.0,2786.0
249,6280,4575,5347,3512,2423,7015,6251,3269,4176,4016,-735,-1676,2078,-664,-1593,-2590,dire,5674.0,7335.0,4120.0,6485.0,4992.0,3337.0,3215.0,4448.0,2270.0,4209.0
250,7058,5987,6057,3916,3377,4580,5299,5939,3459,3227,2478,688,118,457,150,3891,radiant,7148.0,4617.0,5851.0,5329.0,6377.0,6013.0,4244.0,3654.0,3643.0,3312.0
251,6391,5139,6897,4367,4177,6644,7398,4093,2869,2866,-253,-2259,2804,1498,1311,3101,radiant,6333.0,6413.0,4895.0,7278.0,6627.0,3987.0,4237.0,2866.0,4052.0,3031.0
252,5346,5210,4950,4230,3090,6594,6572,4768,2803,2678,-1248,-1362,182,1427,412,-589,radiant,5457.0,6269.0,5435.0,6618.0,5156.0,4841.0,4172.0,2872.0,3361.0,2639.0
253,8771,6468,5983,5238,4076,5411,4774,4401,3454,2641,3360,1694,1582,1784,1435,9855,radiant,8181.0,5481.0,6719.0,4868.0,5998.0,4446.0,5434.0,3644.0,4306.0,2885.0
254,8271,8033,7048,4819,3800,5665,6240,4873,2857,3518,2606,1793,2175,1962,282,8818,radiant,7911.0,5505.0,8052.0,6310.0,7008.0,5083.0,5036.0,2955.0,3932.0,3465.0
255,9273,8107,6136,6234,5188,12224,10342,9410,5969,5440,-2951,-2235,-3274,265,-252,-8447,dire,8345.0,12161.0,7854.0,10405.0,5853.0,9544.0,6058.0,5397.0,5031.0,5556.0
256,6178,6108,4801,2988,2747,7149,5197,4047,2353,3017,-971,911,754,635,-270,1059,radiant,5952.0,6914.0,5893.0,5414.0,4741.0,4249.0,2827.0,2498.0,2881.0,3187.0
257,6379,6231,5609,3023,2720,7316,5957,5520,3770,2888,-937,274,89,-747,-168,-1489,radiant,6350.0,7287.0,6216.0,5841.0,5603.0,5417.0,3236.0,3880.0,2929.0,2915.0
258,5732,6721,6387,3051,3128,6419,4806,6025,2639,2261,-687,1915,362,412,867,2869,dire,5467.0,6228.0,6753.0,4494.0,6182.0,6238.0,3302.0,2834.0,3190.0,2320.0
259,5963,6252,6414,4599,3424,6601,5988,4068,2154,2419,-638,264,2346,2445,1005,5422,radiant,5854.0,6434.0,6117.0,6066.0,6619.0,4194.0,4825.0,2306.0,3711.0,2466.0
260,8888,7529,7339,4888,4078,6620,6648,5944,3429,3173,2268,881,1395,1459,905,6908,radiant,8415.0,6245.0,7355.0,6461.0,7094.0,5878.0,4567.0,3218.0,4115.0,3145.0
261,7045,7648,6272,4923,3734,6289,6945,5591,3314,2703,756,703,681,1609,1031,4780,radiant,6863.0,6208.0,7528.0,6862.0,6344.0,5417.0,4976.0,3420.0,3812.0,2811.0
262,8546,8448,8008,5438,4183,6399,6680,5840,3293,3681,2147,1768,2168,2145,502,8730,radiant,8385.0,6173.0,8138.0,6989.0,8239.0,6176.0,5445.0,3546.0,4380.0,3851.0
263,7320,6633,4616,4542,4100,7952,7667,5958,3067,3128,-632,-1034,-1342,1475,972,-561,radiant,7111.0,7792.0,6713.0,7485.0,4508.0,5864.0,4784.0,3294.0,4165.0,3360.0
264,8014,6561,5797,3649,3044,6857,7785,6994,3376,2970,1157,-1224,-1197,273,74,-917,radiant,7638.0,6764.0,6850.0,7642.0,5689.0,6760.0,3639.0,3368.0,3208.0,3167.0
265,6548,7205,6243,3882,3906,6975,6025,6095,3617,3012,-427,1180,148,265,894,2060,radiant,6207.0,6845.0,7163.0,6306.0,6332.0,6113.0,3891.0,3929.0,4012.0,3272.0
266,8285,7208,7201,3722,2922,7328,4069,5676,3162,2107,957,3139,1525,560,815,6996,radiant,7975.0,7124.0,6908.0,4105.0,6837.0,5586.0,3783.0,3043.0,3080.0,2219.0
267,5822,5969,3588,3127,3124,5919,7087,6324,3619,3718,-97,-1118,-2736,-492,-594,-5037,dire,5777.0,5983.0,6146.0,7376.0,3768.0,6296.0,3389.0,3351.0,3360.0,3875.0
268,6224,5182,6249,3412,2801,6475,6421,5488,3121,2815,-251,-1239,761,291,-14,-452,dire,6357.0,6083.0,5213.0,6193.0,6390.0,5255.0,3613.0,3220.0,3033.0,2788.0
269,7151,5342,5276,3237,2929,5742,3780,3243,2511,2271,1409,1562,2033,726,658,6388,radiant,7150.0,5821.0,5376.0,3798.0,5573.0,3386.0,3444.0,2713.0,3137.0,2467.0
270,4066,3979,3312,2523,1849,7528,6617,5965,3003,2950,-3462,-2638,-2653,-480,-1101,-10334,dire,4017.0,7401.0,4087.0,6827.0,3304.0,5918.0,2522.0,2752.0,1956.0,2812.0
271,4612,4381,1639,2540,2486,10167,5801,6233,3916,3442,-5555,-1420,-4594,-1376,-956,-13901,dire,4550.0,9528.0,4275.0,5541.0,1782.0,5924.0,2282.0,3746.0,2454.0,3634.0
272,6912,5831,4323,2656,2377,6542,7286,4109,6020,3639,370,-1455,214,-3364,-1262,-5497,dire,6672.0,6714.0,5997.0,7699.0,4527.0,4016.0,2887.0,6304.0,2594.0,3845.0
273,2822,3043,2607,2077,1623,8149,7160,5602,3519,3737,-5327,-4117,-2995,-1442,-2114,-15995,dire,2739.0,7902.0,3098.0,7369.0,2818.0,5617.0,2288.0,3714.0,1810.0,4046.0
274,6221,6824,5754,3522,2119,5232,4671,3858,4039,3146,989,2153,1896,-517,-1027,3494,radiant,5854.0,5362.0,6939.0,4986.0,5706.0,4055.0,3366.0,4173.0,2241.0,3410.0
275,4894,7531,6949,3444,2338,5659,6471,4343,2695,2432,-765,1060,2606,749,-94,3556,radiant,4962.0,5654.0,7704.0,6453.0,6572.0,4189.0,3396.0,2760.0,2520.0,2525.0
276,6886,6950,5534,3917,2299,6412,7657,5257,3999,2798,474,-707,277,-82,-499,-537,radiant,6784.0,6284.0,6966.0,7954.0,5596.0,5283.0,4226.0,4119.0,2507.0,2935.0
277,9035,6852,7383,4345,4230,4927,5142,4983,2460,2665,4108,1710,2400,1885,1565,11668,radiant,8601.0,4860.0,6537.0,5391.0,7240.0,4695.0,4400.0,2674.0,4414.0,2751.0
278,7032,6319,5885,3267,3520,5973,6471,3641,5410,3933,1059,-152,2244,-2143,-413,595,radiant,6858.0,5850.0,6109.0,6212.0,5634.0,3568.0,2956.0,5649.0,3147.0,3885.0
279,6097,6422,4062,2551,2781,6262,6871,6149,4284,3853,-165,-449,-2087,-1733,-1072,-5506,dire,5928.0,6255.0,6352.0,6655.0,4048.0,6119.0,2606.0,4466.0,2932.0,3664.0
280,6556,7637,6569,2774,4610,5107,5716,3357,4253,3330,1449,1921,3212,-1479,1280,6383,radiant,6262.0,5299.0,7267.0,5654.0,6073.0,3596.0,2964.0,4558.0,4258.0,3581.0
281,8117,6591,6778,3979,3359,9028,7501,5308,5233,3966,-911,-910,1470,-1254,-607,-2212,radiant,8159.0,8164.0,6588.0,7555.0,6695.0,4826.0,3985.0,4828.0,3577.0,3887.0
282,7702,6632,8228,4767,3802,6696,5117,6122,4345,3523,1006,1515,2106,422,279,5328,radiant,7730.0,6484.0,6640.0,4959.0,7901.0,6107.0,4719.0,4235.0,3922.0,3712.0
283,8092,6736,7362,2436,2558,7138,5611,6791,3908,1603,954,1125,571,-1472,955,2133,radiant,7829.0,6965.0,6870.0,5429.0,7859.0,6467.0,2674.0,4003.0,2788.0,1795.0
284,6395,6713,6042,3564,2939,6272,5419,6471,3811,3241,123,1294,-429,-247,-302,439,radiant,6420.0,5986.0,6796.0,5588.0,5852.0,6367.0,3610.0,3938.0,3183.0,3432.0
285,7127,7480,4879,3282,2558,7076,7012,4978,3633,3482,51,468,-99,-351,-924,-855,dire,6907.0,6772.0,7437.0,6807.0,4821.0,4793.0,3475.0,3894.0,2705.0,3683.0
286,6376,9428,4961,4543,5276,7241,7977,6972,3776,3503,-865,1451,-2011,767,1773,1115,dire,6529.0,6991.0,9189.0,7967.0,4715.0,6822.0,4493.0,3982.0,5116.0,3537.0
287,6338,5897,4330,4326,2904,7643,7772,7752,3281,2993,-1305,-1875,-3422,1045,-89,-5646,radiant,6476.0,7146.0,6289.0,7109.0,3805.0,7425.0,4479.0,3100.0,3004.0,2955.0
288,5775,6277,5527,2985,3282,6449,5066,4892,2435,2184,-674,1211,635,550,1098,2820,radiant,5672.0,6350.0,6242.0,4897.0,5573.0,4948.0,3003.0,2460.0,3048.0,2163.0
289,6102,5909,6033,3165,2805,5886,4652,5257,3140,2957,216,1257,776,25,-152,2122,radiant,6000.0,5865.0,5910.0,4357.0,6090.0,5279.0,3089.0,3326.0,2861.0,3076.0
290,7217,6442,5665,2934,2996,10010,8774,7917,4700,4680,-2793,-2332,-2252,-1766,-1684,-10827,dire,6980.0,9603.0,5835.0,8670.0,5780.0,7639.0,2890.0,4492.0,2571.0,4756.0
291,7411,5903,3358,3863,3158,7436,7494,5790,2776,2949,-25,-1591,-2432,1087,209,-2752,dire,7357.0,7777.0,5812.0,6939.0,3485.0,5654.0,3794.0,2784.0,3126.0,3188.0
292,7193,6347,5909,2971,2936,6833,5928,5378,2884,2877,360,419,531,87,59,1456,dire,6900.0,6743.0,6032.0,5670.0,5764.0,5248.0,2924.0,3135.0,2986.0,2967.0
293,6960,5428,5634,3351,2957,7277,5317,5668,3878,2856,-317,111,-34,-527,101,-666,radiant,6463.0,7080.0,5014.0,5616.0,5735.0,5815.0,3311.0,4032.0,3097.0,2973.0
294,7088,6868,6296,4327,3535,7216,6763,5177,3315,3487,-128,105,1119,1012,48,2156,dire,6578.0,7355.0,6284.0,7063.0,6320.0,5412.0,4268.0,3574.0,3562.0,3665.0
295,6635,4979,4816,3494,3598,6906,6633,5559,3855,2680,-271,-1654,-743,-361,918,-2111,radiant,6420.0,6998.0,4305.0,6553.0,4622.0,5909.0,3385.0,3992.0,3591.0,2860.0
296,11204,10202,9358,6105,4853,7954,8689,6904,4477,3806,3250,1513,2454,1628,1047,9892,radiant,10991.0,7924.0,9889.0,8925.0,8765.0,6640.0,5687.0,4691.0,4504.0,4041.0
297,8283,9316,7928,4918,4140,7279,6524,5926,3282,3160,1004,2792,2002,1636,980,8414,radiant,8536.0,7521.0,8941.0,6494.0,8143.0,5900.0,5060.0,3386.0,4026.0,3260.0
298,10050,7739,5774,4831,2863,6309,6317,5683,2990,2731,3741,1422,91,1841,132,7227,radiant,9675.0,6480.0,7671.0,6248.0,5937.0,5887.0,4660.0,3019.0,2936.0,2964.0
299,10878,7789,8588,6035,5301,7272,5931,5616,4588,4199,3606,1858,2972,1447,1102,10985,radiant,10725.0,7497.0,7704.0,5950.0,8395.0,5778.0,5840.0,4778.0,5134.0,4498.0
300,8094,7603,8658,4903,4308,6815,4811,4383,3739,2457,1279,2792,4275,1164,1851,11361,radiant,7936.0,7148.0,7798.0,5023.0,8704.0,4357.0,5098.0,3627.0,4480.0,2695.0
301,10564,9028,8888,5306,4370,7326,6538,5554,4648,3639,3238,2490,3334,658,731,10451,radiant,9661.0,6862.0,8963.0,6861.0,8334.0,5728.0,5049.0,4662.0,4193.0,3849.0
302,7790,6201,7113,4389,3012,6951,6661,6156,3220,3096,839,-460,957,1169,-84,2421,dire,7570.0,6604.0,5951.0,6557.0,7120.0,6105.0,4580.0,3345.0,3058.0,3055.0
303,6077,5432,5201,3982,3090,6441,6485,5576,3152,2594,-364,-1053,-375,830,496,-466,dire,6385.0,5885.0,5514.0,6031.0,5498.0,5546.0,3855.0,3117.0,3221.0,2601.0
304,10161,9532,9164,4905,5669,6832,5788,5817,4795,3805,3329,3744,3347,110,1864,12394,radiant,9990.0,6992.0,8720.0,5649.0,9141.0,5639.0,4808.0,5027.0,5896.0,4074.0
305,6683,6462,8256,4403,4716,5580,5959,3626,4676,3086,1103,503,4630,-273,1630,7593,dire,6684.0,5663.0,5981.0,5927.0,8360.0,3399.0,4275.0,4448.0,4876.0,3151.0
306,8726,8340,7454,7309,4984,6069,6568,4882,3106,2819,2657,1772,2572,4203,2165,13369,radiant,8805.0,5985.0,8508.0,6557.0,7531.0,5211.0,7095.0,3342.0,5100.0,3033.0
307,7024,6903,6534,3195,2904,6466,6084,6397,3985,3348,558,819,137,-790,-444,280,radiant,7244.0,6002.0,7294.0,5765.0,6662.0,5759.0,3306.0,3826.0,3041.0,3201.0
308,6738,5930,6611,4121,3638,5487,6268,5885,2979,2924,1251,-338,726,1142,714,3495,radiant,6684.0,5697.0,5948.0,6153.0,6742.0,5940.0,3976.0,3079.0,3720.0,2840.0
309,14337,9743,9467,5923,5171,5162,5147,5093,4628,3852,9175,4596,4374,1295,1319,20759,radiant,13822.0,4976.0,9443.0,5121.0,9792.0,4933.0,6023.0,4621.0,4948.0,3831.0
310,6963,7418,5538,3571,4588,9213,7150,6654,4777,3498,-2250,268,-1116,-1206,1090,-3214,radiant,6907.0,9206.0,6921.0,6819.0,5717.0,6582.0,3739.0,4877.0,4617.0,3431.0
311,8366,7065,5913,3598,3458,10344,8091,8211,4517,4570,-1978,-1026,-2298,-919,-1112,-7333,radiant,8246.0,9867.0,6706.0,8097.0,6067.0,8212.0,3535.0,4522.0,3671.0,4612.0
312,5586,5205,5596,3516,3274,5874,4927,5493,3080,3205,-288,278,103,436,69,598,radiant,5551.0,5736.0,5104.0,5051.0,5477.0,5491.0,3680.0,3135.0,3552.0,3158.0
313,6463,6008,5332,5734,3320,5449,4578,5041,3079,3057,1014,1430,291,2655,263,5653,radiant,6555.0,5122.0,5826.0,4178.0,5184.0,5320.0,5622.0,3010.0,3332.0,3042.0
314,9438,6993,4109,3068,3467,10149,8186,6769,5556,3710,-711,-1193,-2660,-2488,-243,-7295,dire,9449.0,9348.0,6640.0,7754.0,4205.0,6093.0,2998.0,5417.0,3719.0,3761.0
315,6591,7346,6317,3985,3378,6520,5721,5371,6298,4330,71,1625,946,-2313,-952,-623,dire,6882.0,6211.0,7165.0,5675.0,6084.0,4620.0,4072.0,6271.0,3476.0,3492.0
316,6316,6343,7641,2390,2105,6202,7369,5705,3318,2484,114,-1026,1936,-928,-379,-283,dire,6069.0,6118.0,6330.0,7620.0,7599.0,5589.0,2544.0,3316.0,2205.0,2583.0
317,5857,6300,5706,2705,2440,6411,6645,5171,2964,3594,-554,-345,535,-259,-1154,-1777,dire,5939.0,6411.0,6351.0,6495.0,5617.0,5472.0,2935.0,2950.0,2662.0,3510.0
318,5981,6441,6238,3197,2983,6240,5967,5315,2631,2901,-259,474,923,566,82,1786,radiant,5858.0,6090.0,6579.0,6004.0,6155.0,5552.0,2965.0,2886.0,3202.0,3063.0
319,7561,6532,6057,3752,2461,6737,7156,7114,2035,1969,824,-624,-1057,1717,492,1352,dire,7784.0,6299.0,6351.0,7150.0,6049.0,7157.0,3754.0,2165.0,2703.0,2034.0
320,7575,8809,4943,3460,2891,6811,6944,5754,2046,2096,764,1865,-811,1414,795,4027,radiant,7394.0,6599.0,8522.0,6875.0,5044.0,5653.0,3379.0,2007.0,3035.0,2251.0
321,9077,6464,4664,3774,2745,6567,5342,5885,3539,1968,2510,1122,-1221,235,777,3423,radiant,8626.0,6433.0,6219.0,5274.0,4535.0,5390.0,3531.0,3738.0,2920.0,2126.0
322,6737,4423,4358,2767,2879,5383,6745,5367,3364,3606,1354,-2322,-1009,-597,-727,-3301,dire,6941.0,5253.0,4587.0,6802.0,4336.0,5383.0,2885.0,3529.0,3051.0,3742.0
323,7659,5598,5623,3291,2506,5380,5971,5131,3338,3243,2279,-373,492,-47,-737,1614,radiant,7613.0,5184.0,5555.0,6246.0,5764.0,5056.0,3047.0,3021.0,2580.0,3073.0
324,7697,6482,6512,3623,3120,7994,8794,8078,4178,4129,-297,-2312,-1566,-555,-1009,-5739,dire,7584.0,7613.0,6372.0,8634.0,6270.0,8091.0,3595.0,4435.0,3254.0,4206.0
325,6717,7586,4846,3702,2780,8274,4873,4252,4153,3584,-1557,2713,594,-451,-804,495,radiant,6734.0,8150.0,7168.0,4642.0,4754.0,4280.0,3855.0,4067.0,2865.0,3588.0
326,8117,6948,6050,4055,3330,5491,5053,4559,3551,3051,2626,1895,1491,504,279,6795,radiant,7542.0,5214.0,6573.0,5396.0,5908.0,4734.0,4092.0,3594.0,3097.0,3016.0
327,7394,7564,5396,3240,2839,7394,7035,5454,2671,2148,0,529,-58,569,691,1731,dire,7602.0,7311.0,7557.0,6648.0,5194.0,5280.0,3176.0,2437.0,2941.0,1996.0
328,6613,5630,5866,3450,3120,6927,7102,6062,3607,2695,-314,-1472,-196,-157,425,-1714,dire,6811.0,6688.0,5770.0,7143.0,5449.0,6013.0,3618.0,3575.0,3060.0,2811.0
329,6683,7138,6685,2583,2542,6452,7331,3303,4594,2753,231,-193,3382,-2011,-211,1198,radiant,6925.0,6491.0,7004.0,7697.0,6788.0,3048.0,2645.0,4565.0,2765.0,2617.0
330,11943,9701,9344,5725,5626,6170,4977,4707,3758,3091,5773,4724,4637,1967,2535,19636,radiant,10957.0,6389.0,9152.0,5093.0,8566.0,4662.0,5268.0,4003.0,4897.0,3227.0
331,9947,7123,8025,3472,3499,7648,7672,8653,5454,4145,2299,-549,-628,-1982,-646,-1506,radiant,9284.0,7276.0,6774.0,7571.0,7552.0,8659.0,3199.0,5450.0,3393.0,3907.0
332,11365,9746,8872,4468,4487,6982,5766,5384,2752,2495,4383,3980,3488,1716,1992,15559,radiant,10475.0,7248.0,8945.0,6033.0,8570.0,5550.0,4138.0,2958.0,4309.0,2710.0
333,6417,6870,6130,3777,3198,5453,6392,6920,3013,3546,964,478,-790,764,-348,1068,dire,5825.0,5239.0,6662.0,6149.0,5968.0,6906.0,3531.0,3165.0,3183.0,3812.0
334,6633,7163,4612,3553,3291,5807,5427,4973,3176,3484,826,1736,-361,377,-193,2385,radiant,6568.0,5557.0,6676.0,5507.0,4382.0,4997.0,3712.0,3214.0,3459.0,3534.0
335,8030,6839,4755,2871,3273,7014,5747,6192,3546,2590,1016,1092,-1437,-675,683,679,dire,7452.0,6973.0,6688.0,5504.0,5031.0,6219.0,3027.0,3410.0,3064.0,2532.0
336,7003,6134,6712,3752,3616,7041,5611,6095,4184,3301,-38,523,617,-432,315,985,radiant,7072.0,6815.0,5564.0,5824.0,6768.0,6063.0,3749.0,4019.0,3794.0,3251.0
337,6581,6526,3856,5742,4010,7574,6459,5908,4210,3392,-993,67,-2052,1532,618,-828,dire,6205.0,7598.0,6523.0,6240.0,3596.0,5569.0,5542.0,4384.0,4001.0,3554.0
338,9119,6588,6682,3740,4357,5698,4806,5042,2908,3097,3421,1782,1640,832,1260,8935,radiant,8460.0,5913.0,6485.0,4820.0,6329.0,5009.0,3749.0,2929.0,4115.0,3290.0
339,7126,5417,4359,3183,4247,7534,7138,5975,3571,4245,-408,-1721,-1616,-388,2,-4131,radiant,7491.0,6853.0,5545.0,6684.0,4274.0,5850.0,3184.0,3588.0,4490.0,3984.0
340,8770,5975,6469,3759,4012,9180,6431,4906,3396,3779,-410,-456,1563,363,233,1293,radiant,8403.0,8355.0,6148.0,6211.0,6310.0,4709.0,3916.0,3131.0,3891.0,3463.0
341,9845,10107,7919,6904,4904,8439,9274,7624,6036,5021,1406,833,295,868,-117,3285,radiant,9829.0,8459.0,10203.0,9286.0,7838.0,7773.0,6962.0,5956.0,5177.0,5140.0
342,4680,4469,3693,3092,2196,1284,1102,1047,994,992,3396,3367,2646,2098,1204,12711,radiant,4857.0,1506.0,4649.0,1327.0,3882.0,1273.0,3289.0,1221.0,2405.0,1219.0
343,6757,5335,7058,3866,3886,5683,4912,4931,3337,2681,1074,423,2127,529,1205,5358,radiant,6113.0,5862.0,5236.0,5057.0,7079.0,5027.0,3520.0,3571.0,3627.0,2786.0
344,7302,8688,5924,4107,3927,6363,4869,4296,5052,3117,939,3819,1628,-945,810,6251,radiant,6754.0,6159.0,8733.0,4698.0,6014.0,4091.0,4082.0,5156.0,3962.0,3034.0
345,12601,11116,10029,9538,8366,7038,6098,5709,5289,2651,5563,5018,4320,4249,5715,24865,radiant,12415.0,6205.0,9745.0,6419.0,10105.0,4869.0,9357.0,3969.0,8004.0,2834.0
346,7501,7659,7351,5486,4668,6000,6517,6573,3223,3620,1501,1142,778,2263,1048,6732,dire,7213.0,5947.0,7622.0,6270.0,7381.0,6412.0,5542.0,3365.0,4787.0,3588.0
347,8225,7742,7440,4764,4351,3669,3388,2443,2388,2101,4556,4354,4997,2376,2250,18533,radiant,8175.0,3671.0,7350.0,3396.0,7525.0,2215.0,4619.0,2333.0,4551.0,2312.0
348,8253,8481,6567,4922,3868,4894,6303,6008,3984,3444,3359,2178,559,938,424,7458,radiant,8246.0,4778.0,8320.0,6428.0,6801.0,6290.0,5117.0,4279.0,3676.0,3380.0
349,6328,7836,3828,3379,2625,6149,6285,5753,3726,2882,179,1551,-1925,-347,-257,-799,radiant,6555.0,5755.0,7414.0,6026.0,3948.0,5685.0,3493.0,3348.0,2659.0,2878.0
350,7378,5720,6826,4035,2803,6171,4942,5809,3430,2934,1207,778,1017,605,-131,3476,dire,7325.0,6380.0,5387.0,4831.0,6658.0,6074.0,3917.0,3421.0,2732.0,2941.0
351,7591,6908,6836,3513,4644,5764,4778,6145,6298,3342,1827,2130,691,-2785,1302,3165,radiant,7603.0,5635.0,6915.0,4054.0,6732.0,6093.0,3479.0,6081.0,4734.0,3164.0
352,6327,5251,6279,4933,2985,6567,7383,5160,4291,3422,-240,-2132,1119,642,-437,-1048,dire,5981.0,6157.0,5273.0,7425.0,6025.0,5530.0,4532.0,4599.0,2906.0,3580.0
353,5799,6223,6068,3407,3597,6585,7688,5039,2730,3088,-786,-1465,1029,677,509,-36,dire,5975.0,6194.0,5967.0,7888.0,5824.0,5071.0,3244.0,2859.0,3810.0,3187.0
354,5394,7014,4559,3634,3156,8152,7203,5055,4538,4089,-2758,-189,-496,-904,-933,-5280,dire,5569.0,7846.0,6694.0,6896.0,4667.0,5156.0,3842.0,4627.0,2828.0,4215.0
355,8968,7210,6095,4207,4973,4949,3700,2956,2573,2127,4019,3510,3139,1634,2846,15148,radiant,8781.0,4705.0,6807.0,3945.0,6014.0,2965.0,4226.0,2810.0,4755.0,2345.0
356,9666,8858,9368,5293,5319,6042,4644,3812,2773,2760,3624,4214,5556,2520,2559,18473,radiant,9407.0,6014.0,8785.0,4743.0,8949.0,3861.0,5290.0,2969.0,5373.0,2911.0
357,5973,6820,5730,4770,3505,4879,4875,3698,3544,2543,1094,1945,2032,1226,962,7259,radiant,5962.0,4364.0,6952.0,4098.0,5542.0,3531.0,5003.0,3561.0,3604.0,2443.0
358,5194,7062,5808,3831,3185,5488,5426,4024,2881,2287,-294,1636,1784,950,898,4974,radiant,4897.0,5470.0,6804.0,5481.0,5887.0,3972.0,3957.0,3139.0,3110.0,2514.0
359,7121,4661,4752,2845,1972,8376,6146,6620,5683,3240,-1255,-1485,-1868,-2838,-1268,-8714,dire,6983.0,8100.0,4576.0,5409.0,4905.0,6744.0,2801.0,5812.0,2160.0,3124.0
360,4705,4295,3737,2541,2114,9121,6774,7013,3861,3125,-4416,-2479,-3276,-1320,-1011,-12502,dire,4696.0,8990.0,4435.0,6758.0,4029.0,7099.0,2768.0,4171.0,2278.0,3390.0
361,7538,6807,6656,4068,4918,4860,4341,4112,3442,3040,2678,2466,2544,626,1878,10192,radiant,7441.0,5199.0,6319.0,4383.0,6489.0,4133.0,4156.0,3621.0,4618.0,3312.0
362,6260,7649,5672,3904,3299,6085,6686,5571,2752,2971,175,963,101,1152,328,2719,radiant,6177.0,6054.0,7663.0,6853.0,5945.0,5951.0,4181.0,2829.0,3427.0,3071.0
363,7310,6001,4804,3916,3127,6716,6442,4102,2966,2613,594,-441,702,950,514,2319,radiant,7187.0,6320.0,6060.0,6162.0,4987.0,4192.0,3762.0,2756.0,3119.0,2566.0
364,5409,6311,4834,3704,3112,7585,4715,4696,5956,2909,-2176,1596,138,-2252,203,-2491,dire,5466.0,7408.0,6451.0,4699.0,4883.0,4553.0,3542.0,5678.0,3330.0,2778.0
365,7051,5404,6663,3730,3082,10634,6833,7188,3809,3167,-3583,-1429,-525,-79,-85,-5701,dire,6967.0,10358.0,5450.0,6917.0,6560.0,7105.0,3752.0,3816.0,3216.0,3150.0
366,8339,6518,5696,5186,2766,6857,6366,6296,3087,2823,1482,152,-600,2099,-57,3076,radiant,8218.0,6628.0,5754.0,6264.0,5712.0,6041.0,5016.0,3157.0,2964.0,2605.0
367,7873,4935,7065,2870,2679,6725,5614,2603,5981,3482,1148,-679,4462,-3111,-803,1017,dire,7993.0,6593.0,4973.0,5642.0,6874.0,2824.0,2986.0,6379.0,2802.0,3628.0
368,6498,6837,6625,3199,3501,7434,3823,5872,4207,2685,-936,3014,753,-1008,816,2639,dire,5965.0,7168.0,6530.0,3573.0,6491.0,5893.0,2995.0,4171.0,3345.0,2726.0
369,6987,5657,4761,2483,2824,6627,5856,4769,3270,3024,360,-199,-8,-787,-200,-834,radiant,6666.0,6831.0,5608.0,5923.0,4536.0,5013.0,2649.0,3516.0,2877.0,3139.0
370,6976,7312,6575,3542,3243,8397,7709,7535,4599,4968,-1421,-397,-960,-1057,-1725,-5560,radiant,6544.0,8370.0,7177.0,7161.0,6535.0,7069.0,3658.0,4383.0,3265.0,4867.0
371,5072,6551,5624,2903,3601,7429,7066,7447,3713,3698,-2357,-515,-1823,-810,-97,-5602,dire,5360.0,7383.0,6245.0,7200.0,4480.0,6733.0,2943.0,3675.0,2666.0,3404.0
372,3585,4085,3438,3028,1810,7221,6342,6886,3674,3658,-3636,-2257,-3448,-646,-1848,-11835,dire,3660.0,7248.0,4401.0,6523.0,3686.0,6629.0,3106.0,3294.0,1991.0,3144.0
373,7486,6867,6129,3238,2797,6946,6219,6398,3163,3812,540,648,-269,75,-1015,-21,dire,7362.0,6711.0,6585.0,6263.0,6341.0,6564.0,3150.0,3008.0,2922.0,3484.0
374,6295,7453,5963,3629,4698,6191,2554,5146,5277,2562,104,4899,817,-1648,2136,6308,radiant,5942.0,6210.0,6538.0,2766.0,5650.0,5448.0,3274.0,5246.0,4506.0,2782.0
375,9027,8510,7463,4179,4747,7479,6802,6892,4464,4102,1548,1708,571,-285,645,4187,radiant,8814.0,7397.0,8181.0,6441.0,7398.0,6862.0,4144.0,4555.0,4612.0,4084.0
376,8368,7196,6729,3678,3878,7772,7032,7258,3795,3203,596,164,-529,-117,675,789,dire,8371.0,7704.0,6817.0,6580.0,6836.0,7378.0,3703.0,3804.0,3756.0,3305.0
377,11362,9647,9473,6352,5073,8403,7147,5714,3799,3034,2959,2500,3759,2553,2039,13810,radiant,10859.0,8364.0,9774.0,6767.0,9291.0,5686.0,6269.0,3873.0,5193.0,3175.0
378,7661,6822,5588,3483,3820,5911,5408,3772,2545,2094,1750,1414,1816,938,1726,7644,radiant,7703.0,5666.0,6859.0,5504.0,5388.0,3828.0,3641.0,2652.0,3932.0,2177.0
379,7091,5914,4352,3180,2911,7468,6415,5747,3093,3230,-377,-501,-1395,87,-319,-2505,radiant,7238.0,7728.0,5988.0,6580.0,4472.0,6029.0,3369.0,3140.0,3091.0,3433.0
380,7280,5709,6529,2573,2460,5654,6131,5600,4784,1949,1626,-422,929,-2211,511,433,radiant,7068.0,5747.0,5632.0,5826.0,6403.0,5755.0,2587.0,4696.0,2648.0,1995.0
381,8047,9208,7494,5848,4117,4987,4884,5336,1972,2547,3060,4324,2158,3876,1570,14988,radiant,7606.0,4894.0,9266.0,5172.0,7096.0,5075.0,6030.0,2118.0,4057.0,2492.0
382,9317,7657,8452,4307,3261,7853,7601,7616,4020,4319,1464,56,836,287,-1058,1585,dire,9084.0,7994.0,7648.0,7321.0,7807.0,7735.0,4426.0,4048.0,3351.0,4448.0
383,8799,6276,4453,3788,4413,6675,6495,6769,3507,3179,2124,-219,-2316,281,1234,1104,radiant,8394.0,6671.0,6487.0,6577.0,4238.0,7043.0,3508.0,3256.0,4342.0,3053.0
384,7337,7690,7543,4493,3488,9464,6648,7480,4157,4143,-2127,1042,63,336,-655,-1341,dire,7049.0,8460.0,7378.0,6268.0,7403.0,7220.0,4313.0,3811.0,3353.0,4045.0
385,7844,5932,6966,3347,2705,8137,7385,6218,3414,3123,-293,-1453,748,-67,-418,-1483,dire,8079.0,7833.0,5631.0,7312.0,6974.0,6272.0,3193.0,3495.0,2687.0,3015.0
386,5783,5442,4018,4098,3139,7989,6109,4967,3768,3375,-2206,-667,-949,330,-236,-3728,dire,5959.0,7716.0,5305.0,6026.0,4110.0,4739.0,4267.0,3797.0,3344.0,3550.0
387,7735,8571,6470,5333,4382,8025,6470,7082,4797,3446,-290,2101,-612,536,936,2671,radiant,7496.0,7208.0,8089.0,6366.0,6473.0,7144.0,5039.0,4362.0,4493.0,3330.0
388,6516,4791,4267,4094,3105,7584,7875,5655,4707,3816,-1068,-3084,-1388,-613,-711,-6864,dire,6718.0,7298.0,4779.0,7195.0,4227.0,5512.0,4118.0,4408.0,3291.0,3793.0
389,6218,5295,3995,4541,3526,7591,6800,5455,4046,3773,-1373,-1505,-1460,495,-247,-4090,dire,6490.0,7511.0,5344.0,6470.0,4051.0,5079.0,4832.0,3762.0,3723.0,3689.0
390,6964,6678,5533,3402,3469,8304,6583,5612,4405,3257,-1340,95,-79,-1003,212,-2115,dire,6218.0,7860.0,6932.0,6810.0,5630.0,5846.0,3341.0,4750.0,3494.0,3412.0
391,5204,6520,3419,3171,4365,7885,7906,6731,4951,3300,-2681,-1386,-3312,-1780,1065,-8094,dire,5311.0,7869.0,6424.0,7708.0,3514.0,6944.0,3038.0,5204.0,4524.0,3429.0
392,8668,6726,6591,3722,3851,9319,5578,2589,2568,2339,-651,1148,4002,1154,1512,7165,radiant,8663.0,8801.0,6941.0,5523.0,6481.0,2642.0,3734.0,2514.0,4076.0,2378.0
393,5261,5654,5007,2760,2709,6867,5602,5480,5498,3642,-1606,52,-473,-2738,-933,-5698,radiant,5630.0,6034.0,6009.0,5201.0,5009.0,5160.0,2869.0,5492.0,2868.0,3683.0
394,7483,7178,8153,4973,3878,9398,6837,6533,4195,3362,-1915,341,1620,778,516,1340,dire,7007.0,9117.0,7011.0,6454.0,8211.0,6388.0,4997.0,4183.0,3888.0,3433.0
395,6988,6265,5786,5446,5181,8809,4985,4807,3993,3726,-1821,1280,979,1453,1455,3346,dire,7160.0,9043.0,6302.0,4592.0,5953.0,4448.0,5162.0,3990.0,5184.0,3681.0
396,5172,5588,5332,4570,3163,7294,5823,5868,4881,3776,-2122,-235,-536,-311,-613,-3817,dire,5437.0,7201.0,5574.0,5832.0,5281.0,5598.0,4571.0,4591.0,3095.0,3799.0
397,6152,7163,3992,3935,3493,6380,5164,5337,3398,3088,-228,1999,-1345,537,405,1368,dire,6261.0,6137.0,7177.0,5017.0,3921.0,5419.0,3935.0,3600.0,3655.0,3284.0
398,6940,6792,6656,4899,3507,6050,5005,4097,3279,2901,890,1787,2559,1620,606,7462,radiant,7330.0,6277.0,6726.0,4579.0,6348.0,3938.0,4817.0,3536.0,3672.0,3152.0
399,9732,8560,8005,5909,4319,6900,6357,7692,3683,3468,2832,2203,313,2226,851,8425,radiant,9319.0,6806.0,8537.0,5991.0,7494.0,7826.0,5713.0,3795.0,4478.0,3598.0
400,5507,6825,6628,3636,2598,5593,4892,5733,3093,3559,-86,1933,895,543,-961,2324,radiant,5719.0,5755.0,6478.0,5165.0,6273.0,6002.0,3607.0,3231.0,2503.0,3452.0
401,7185,6214,6145,3239,1832,7894,6636,6881,4240,2210,-709,-422,-736,-1001,-378,-3246,dire,7092.0,8021.0,6104.0,6557.0,6227.0,6774.0,3442.0,4159.0,2031.0,2383.0
402,8169,7550,6656,4427,4608,6926,6296,6631,3711,3032,1243,1254,25,716,1576,4814,radiant,7932.0,6698.0,7197.0,6314.0,6763.0,6421.0,4536.0,3541.0,4475.0,3224.0
403,6761,7848,6057,3393,3472,6678,4747,5469,2869,3229,83,3101,588,524,243,4539,radiant,6683.0,6848.0,7866.0,4791.0,6061.0,5448.0,3307.0,3036.0,3616.0,3303.0
404,5587,6611,4801,3492,2904,7941,7644,5735,3063,3736,-2354,-1033,-934,429,-832,-4724,dire,5231.0,7771.0,6650.0,7593.0,4521.0,5584.0,3478.0,3264.0,3089.0,3769.0
405,7124,5114,5659,4502,4360,6718,6302,6436,3839,3917,406,-1188,-777,663,443,-453,dire,7562.0,6595.0,4787.0,6198.0,5808.0,6131.0,4581.0,3808.0,4487.0,3609.0
406,5645,5910,5942,5206,4443,5609,6981,5281,3672,4159,36,-1071,661,1534,284,1444,radiant,5436.0,4849.0,5776.0,7213.0,5992.0,5088.0,4258.0,3685.0,4311.0,3830.0
407,6519,6365,4275,2905,2813,7828,4768,5767,3955,4176,-1309,1597,-1492,-1050,-1363,-3617,radiant,6566.0,7660.0,6277.0,4666.0,4240.0,6006.0,3133.0,4256.0,3053.0,4509.0
408,7121,7188,7064,4573,3525,6449,4696,4341,2630,1968,672,2492,2723,1943,1557,9387,radiant,7079.0,6427.0,6943.0,4795.0,7058.0,4503.0,4165.0,2733.0,3651.0,2172.0
409,6445,7167,5289,3473,2235,7808,6946,3337,5692,3819,-1363,221,1952,-2219,-1584,-2993,dire,6186.0,7380.0,7072.0,6813.0,5302.0,3388.0,3535.0,5579.0,2301.0,3992.0
410,5385,5667,5174,3573,2397,8810,6605,6196,5154,3430,-3425,-938,-1022,-1581,-1033,-7999,dire,5529.0,8427.0,5619.0,6393.0,5049.0,5772.0,3302.0,5255.0,2502.0,3479.0
411,6171,5343,5754,3135,2697,5662,3869,5663,5704,2377,509,1474,91,-2569,320,-175,dire,6000.0,5546.0,5318.0,4031.0,5788.0,5967.0,3174.0,5546.0,2960.0,2435.0
412,6111,4202,4645,2272,2570,7133,6309,6332,3937,3700,-1022,-2107,-1687,-1665,-1130,-7611,dire,6123.0,7092.0,4157.0,6486.0,4820.0,6191.0,2497.0,4072.0,2778.0,4015.0
413,8910,6165,5468,3829,2848,7050,5856,5400,4659,2698,1860,309,68,-830,150,1557,radiant,8998.0,7133.0,6192.0,5811.0,5689.0,5323.0,3915.0,4735.0,3002.0,2883.0
414,5679,5570,5054,3231,2497,6133,5949,5129,4199,3975,-454,-379,-75,-968,-1478,-3354,dire,5722.0,6286.0,5493.0,5608.0,4893.0,5000.0,3424.0,4361.0,2674.0,4174.0
415,7227,6242,5447,4049,2662,7468,5828,5221,3214,2944,-241,414,226,835,-282,952,dire,7115.0,7322.0,6295.0,5876.0,5538.0,5141.0,4230.0,3315.0,2860.0,2781.0
416,8084,6724,7494,4725,4324,10779,8982,8919,4186,4620,-2695,-2258,-1425,539,-296,-6135,dire,8172.0,10026.0,6511.0,8856.0,7871.0,8902.0,4584.0,4285.0,4386.0,4386.0
417,6250,6204,6154,3248,3446,5190,5867,5999,5014,3798,1060,337,155,-1766,-352,-566,dire,5585.0,4898.0,5452.0,6227.0,5696.0,6255.0,2699.0,4907.0,3166.0,3901.0
418,5863,7161,4725,2985,2615,5974,5921,4938,3225,3132,-111,1240,-213,-240,-517,159,radiant,5644.0,5996.0,7227.0,6061.0,4718.0,4910.0,2895.0,3449.0,2734.0,3223.0
419,7008,6186,5284,3205,3464,9085,7341,5798,3105,2977,-2077,-1155,-514,100,487,-3159,dire,6510.0,8826.0,6183.0,7418.0,4880.0,5577.0,3063.0,3357.0,3401.0,3145.0
420,6770,4369,4903,3245,2807,7516,6711,7724,4826,3426,-746,-2342,-2821,-1581,-619,-8109,dire,6900.0,7325.0,4407.0,6206.0,5154.0,7588.0,3486.0,4955.0,3051.0,3519.0
421,6468,6390,4237,3151,3150,6884,5620,5649,2972,4342,-416,770,-1412,179,-1192,-2071,dire,5369.0,6835.0,6081.0,5589.0,4155.0,5966.0,2998.0,3126.0,2957.0,4600.0
422,6571,5551,4799,2969,2323,7180,7689,6330,4438,3522,-609,-2138,-1531,-1469,-1199,-6946,dire,6469.0,7235.0,5321.0,7278.0,4748.0,6372.0,3098.0,4357.0,2541.0,3454.0
423,6638,6046,5422,2518,2682,6822,6432,5943,3318,3127,-184,-386,-521,-800,-445,-2336,radiant,6557.0,6994.0,5914.0,6221.0,5319.0,5984.0,2608.0,3478.0,2937.0,3268.0
424,5463,7035,6357,4137,3712,6035,6126,5154,2618,2473,-572,909,1203,1519,1239,4298,radiant,5310.0,5921.0,6719.0,6169.0,6322.0,5069.0,4160.0,2777.0,3652.0,2621.0
425,5944,3890,3217,2846,2160,7716,7335,6976,4199,3408,-1772,-3445,-3759,-1353,-1248,-11577,dire,6189.0,7341.0,4036.0,6935.0,3378.0,6880.0,2928.0,4221.0,2349.0,3572.0
426,7228,6901,5985,3983,4055,5777,4397,5835,3573,2859,1451,2504,150,410,1196,5711,radiant,6423.0,5672.0,6663.0,4200.0,6149.0,6009.0,3828.0,3675.0,4062.0,2900.0
427,6469,6659,4991,3320,2753,5890,7312,6070,3599,3256,579,-653,-1079,-279,-503,-1935,dire,6283.0,6233.0,5695.0,7514.0,4550.0,5876.0,2941.0,3802.0,2592.0,3173.0
428,6588,6897,6217,2712,2967,7972,7891,7900,5644,4633,-1384,-994,-1683,-2932,-1666,-8659,dire,6617.0,7671.0,7086.0,7714.0,5938.0,7537.0,2725.0,5468.0,3130.0,4772.0
429,4754,5947,5993,3225,2319,5531,6335,6863,4709,2664,-777,-388,-870,-1484,-345,-3864,dire,4643.0,5527.0,5826.0,6513.0,6040.0,6784.0,3360.0,4805.0,2556.0,2641.0
430,7972,7749,7100,4296,4926,9230,6511,5762,4060,4690,-1258,1238,1338,236,236,1790,dire,7772.0,8619.0,7713.0,6417.0,7113.0,5742.0,4473.0,4242.0,4755.0,4886.0
431,5886,6644,5345,3162,2617,5782,5579,5048,3338,3028,104,1065,297,-176,-411,879,radiant,5112.0,5998.0,5957.0,5629.0,4829.0,5136.0,2967.0,3467.0,2402.0,3130.0
432,6119,6181,6346,2976,2709,5786,6610,5297,2819,2572,333,-429,1049,157,137,1247,dire,6277.0,5622.0,6059.0,6682.0,6312.0,5078.0,3018.0,2950.0,2836.0,2768.0
433,6180,7729,7304,3805,4271,6877,8144,7088,3800,4321,-697,-415,216,5,-50,-941,dire,5108.0,6470.0,7134.0,8354.0,6911.0,7360.0,3512.0,4027.0,3764.0,4510.0
434,8525,8612,7245,4558,3907,7896,7872,5978,4010,3212,629,740,1267,548,695,3879,radiant,8302.0,8211.0,8683.0,8207.0,7172.0,6246.0,4258.0,4139.0,3803.0,3448.0
435,9507,8006,7607,4851,4180,9673,9358,7032,5304,3703,-166,-1352,575,-453,477,-919,radiant,9147.0,9501.0,7736.0,9360.0,7579.0,7034.0,4973.0,5324.0,4172.0,3820.0
436,6996,7849,6142,3391,2894,6559,6718,5715,3337,2822,437,1131,427,54,72,2121,radiant,6965.0,6876.0,7806.0,6707.0,5790.0,5949.0,3382.0,3386.0,2756.0,3066.0
437,6567,5946,4620,3637,3163,7103,6146,6205,3279,3512,-536,-200,-1585,358,-349,-2312,dire,6531.0,6814.0,6053.0,6126.0,4587.0,6281.0,3715.0,3346.0,3420.0,3550.0
438,7613,4743,6228,5328,4471,5536,8083,5695,3021,3536,2077,-3340,533,2307,935,2512,radiant,7558.0,5376.0,4677.0,8140.0,6272.0,5551.0,5297.0,3170.0,4822.0,3697.0
439,8910,6119,5355,4456,2955,7004,6527,5292,3734,2941,1906,-408,63,722,14,2297,dire,8927.0,6899.0,5754.0,6608.0,5236.0,5184.0,4291.0,3681.0,2991.0,2877.0
440,7569,7356,6935,4525,3487,5945,4740,5319,2352,2842,1624,2616,1616,2173,645,8674,radiant,7332.0,5726.0,7342.0,4932.0,7200.0,5365.0,4593.0,2393.0,3480.0,2785.0
441,6775,5734,4702,3828,2860,10358,9282,9375,5120,5132,-3583,-3548,-4673,-1292,-2272,-15368,dire,6685.0,10747.0,5872.0,9371.0,4716.0,9466.0,3452.0,5228.0,2876.0,5404.0
442,6464,7018,5448,4117,2743,6974,4681,5864,3235,3025,-510,2337,-416,882,-282,2011,radiant,6067.0,6708.0,6887.0,4776.0,5406.0,5933.0,3999.0,3493.0,2599.0,3257.0
443,5614,5750,5045,3073,2710,6720,4924,5233,2490,2725,-1106,826,-188,583,-15,100,radiant,5464.0,6540.0,5594.0,5108.0,4929.0,5326.0,3017.0,2396.0,2624.0,2928.0
444,7253,6807,5738,4440,3194,10061,7556,5844,3447,3234,-2808,-749,-106,993,-40,-2710,radiant,7309.0,10276.0,6664.0,7404.0,5636.0,5765.0,4206.0,3637.0,3218.0,3125.0
445,7258,5873,6456,5105,3991,5690,5849,5611,3492,3601,1568,24,845,1613,390,4440,radiant,7021.0,5433.0,5817.0,5754.0,6226.0,5699.0,5259.0,3674.0,4220.0,3677.0
446,6918,6180,5743,2960,2619,5747,5559,6305,3813,2634,1171,621,-562,-853,-15,362,radiant,6494.0,5664.0,6031.0,5320.0,5766.0,6358.0,3019.0,4069.0,2743.0,2871.0
447,6048,5622,5649,2630,2158,6914,5750,5288,4139,3550,-866,-128,361,-1509,-1392,-3534,radiant,5869.0,6518.0,5664.0,5185.0,5861.0,4858.0,2825.0,3615.0,2324.0,3087.0
448,6388,5704,4547,2406,2729,5292,5663,6082,4475,5139,1096,41,-1535,-2069,-2410,-4877,radiant,6126.0,5202.0,5751.0,5592.0,4675.0,6361.0,2550.0,4561.0,2958.0,5107.0
449,7678,7236,7175,4394,3636,5260,6086,5119,4198,3528,2418,1150,2056,196,108,5928,radiant,7431.0,5272.0,7242.0,6100.0,7331.0,4992.0,4738.0,4560.0,3802.0,3549.0
450,6800,7029,6421,5652,2918,7593,5995,5321,3189,2304,-793,1034,1100,2463,614,4418,radiant,6900.0,7762.0,6981.0,5997.0,6510.0,5287.0,5612.0,3295.0,3177.0,2184.0
451,7997,9815,8254,3818,3241,7125,6723,5864,3865,3667,872,3092,2390,-47,-426,5881,radiant,7597.0,7146.0,9309.0,7106.0,7968.0,5930.0,3719.0,3880.0,3198.0,3795.0
452,9959,5948,6619,3924,3291,6388,6098,5929,2823,2317,3571,-150,690,1101,974,6186,radiant,9860.0,6349.0,5981.0,6385.0,6576.0,5866.0,3613.0,2874.0,3484.0,2413.0
453,7911,7330,9509,4601,4149,8050,8290,7561,4402,4907,-139,-960,1948,199,-758,290,dire,7527.0,7768.0,7461.0,8677.0,9622.0,7845.0,4682.0,4567.0,4011.0,5109.0
454,6547,7039,5847,3031,3699,5184,5395,5157,2781,2316,1363,1644,690,250,1383,5330,radiant,6488.0,5098.0,6993.0,5431.0,5758.0,4995.0,3177.0,3019.0,3810.0,2535.0
455,5712,5319,5939,3324,2879,6949,6440,6208,2776,4207,-1237,-1121,-269,548,-1328,-3407,radiant,5538.0,7048.0,5235.0,6208.0,5757.0,6300.0,3187.0,3015.0,2842.0,4309.0
456,5297,5287,6703,3066,2960,6779,5662,4633,3152,3422,-1482,-375,2070,-86,-462,-335,radiant,5162.0,6755.0,4900.0,5763.0,6772.0,4597.0,2941.0,3079.0,2774.0,3160.0
457,7596,4953,5792,3291,2290,6847,5146,6489,2712,2675,749,-193,-697,579,-385,53,dire,7782.0,6630.0,5077.0,5157.0,5832.0,6207.0,3557.0,2738.0,2502.0,2694.0
458,6672,5389,7125,3557,2946,6106,5793,4974,3377,2375,566,-404,2151,180,571,3064,radiant,6513.0,6022.0,5472.0,5745.0,7434.0,5095.0,3599.0,3589.0,2910.0,2555.0
459,8357,6627,7339,4387,4622,7955,8387,7628,4935,3963,402,-1760,-289,-548,659,-1536,dire,8479.0,7770.0,6233.0,8585.0,7010.0,7685.0,3692.0,5067.0,4260.0,4082.0
460,7706,5441,5943,3693,3623,8294,5568,6298,3277,3123,-588,-127,-355,416,500,-154,dire,7716.0,7978.0,5683.0,5335.0,6004.0,6145.0,3753.0,3467.0,3540.0,3105.0
461,6431,5751,5905,3189,2310,7093,6702,7176,3906,2847,-662,-951,-1271,-717,-537,-4138,dire,6243.0,6744.0,5695.0,6553.0,5539.0,6940.0,3196.0,3794.0,2374.0,3016.0
462,7269,6535,4984,3333,3764,6090,7476,5375,4784,2956,1179,-941,-391,-1451,808,-796,radiant,7228.0,5712.0,6189.0,7383.0,4884.0,5186.0,3234.0,5000.0,3718.0,3036.0
463,8013,5405,5039,3261,2558,8290,6307,5939,3833,2809,-277,-902,-900,-572,-251,-2902,radiant,8088.0,8042.0,5423.0,6009.0,4966.0,5791.0,3367.0,3776.0,2719.0,2934.0
464,5231,4757,3232,3836,1980,7112,7174,6195,4102,3523,-1881,-2417,-2963,-266,-1543,-9070,dire,5423.0,6719.0,4711.0,7053.0,3484.0,6039.0,3788.0,4028.0,2187.0,3446.0
465,6105,5463,5691,3130,2545,6291,6338,5567,3355,3348,-186,-875,124,-225,-803,-1965,dire,6094.0,6204.0,5060.0,6388.0,5764.0,5516.0,3101.0,3352.0,2520.0,3397.0
466,6933,6096,5644,2917,3685,7620,6428,4885,4903,3805,-687,-332,759,-1986,-120,-2366,radiant,6606.0,7382.0,6173.0,6855.0,4996.0,5216.0,2394.0,4743.0,3526.0,3875.0
467,5043,4862,4435,4117,4031,8648,6086,6475,3491,3101,-3605,-1224,-2040,626,930,-5313,dire,5162.0,8713.0,4870.0,6221.0,4691.0,6221.0,4387.0,3664.0,3847.0,3369.0
468,5806,6829,5907,3014,2804,7123,8161,5972,3476,3606,-1317,-1332,-65,-462,-802,-3978,dire,5573.0,6768.0,6296.0,7648.0,5868.0,5508.0,3062.0,3408.0,2803.0,3719.0
469,6918,4555,4746,3214,3503,7951,5311,6119,3655,3714,-1033,-756,-1373,-441,-211,-3814,dire,7094.0,7225.0,4403.0,5133.0,5080.0,6000.0,3363.0,3482.0,3789.0,3874.0
470,6820,7530,7279,4835,2918,6762,6732,4108,4210,4200,58,798,3171,625,-1282,3370,dire,6616.0,6504.0,7564.0,6226.0,7081.0,3695.0,5083.0,3802.0,3159.0,4163.0
471,6497,6667,6722,4775,3858,6728,6278,6171,3067,3299,-231,389,551,1708,559,2976,radiant,6445.0,6820.0,6781.0,6576.0,6944.0,6105.0,4759.0,2981.0,3648.0,3251.0
472,6243,4901,4860,2948,2548,5653,5421,5938,3954,3564,590,-520,-1078,-1006,-1016,-3030,dire,6127.0,5609.0,4932.0,5418.0,4886.0,6167.0,2727.0,4014.0,2593.0,3708.0
473,5268,5516,6573,4070,3516,5531,6132,5849,4127,2986,-263,-616,724,-57,530,318,dire,5174.0,5397.0,5582.0,6166.0,6337.0,5577.0,3876.0,4336.0,3275.0,3084.0
474,6996,6925,6944,3489,3574,6456,5549,5335,2670,3462,540,1376,1609,819,112,4456,dire,6804.0,6434.0,7135.0,5494.0,7229.0,5071.0,3405.0,2910.0,3167.0,3690.0
475,6410,5909,6523,2807,2491,7852,5074,4883,3289,3256,-1442,835,1640,-482,-765,-214,radiant,6727.0,7444.0,5991.0,4867.0,6685.0,4741.0,3037.0,3169.0,2722.0,3189.0
476,7660,5135,4266,3376,2012,8132,6093,5235,3697,3521,-472,-958,-969,-321,-1509,-4229,dire,7246.0,8251.0,4888.0,5852.0,4415.0,5503.0,3493.0,3607.0,2049.0,3372.0
477,9879,9516,9795,6215,6100,8758,7190,7260,4289,3628,1121,2326,2535,1926,2472,10380,radiant,10028.0,8917.0,9731.0,7126.0,9752.0,7533.0,6389.0,4288.0,6046.0,3883.0
478,7563,6544,5068,4819,3260,11336,11066,8535,7870,5676,-3773,-4522,-3467,-3051,-2416,-17229,dire,7212.0,11096.0,6672.0,10602.0,5211.0,8270.0,4686.0,7373.0,3455.0,5515.0
479,5417,5860,5081,3893,2771,6991,6856,7072,3114,3127,-1574,-996,-1991,779,-356,-4138,radiant,5108.0,7227.0,5765.0,6934.0,4829.0,7274.0,3057.0,2958.0,2555.0,3389.0
480,8027,6212,7076,4512,3106,8874,8943,5780,4274,3760,-847,-2731,1296,238,-654,-2698,radiant,8036.0,8729.0,5907.0,8997.0,6697.0,5766.0,4514.0,4433.0,3159.0,3904.0
481,7261,4697,5405,3993,3535,4984,6875,7094,4348,3888,2277,-2178,-1689,-355,-353,-2298,radiant,7264.0,5042.0,4565.0,6672.0,5626.0,6997.0,4148.0,4173.0,3649.0,4032.0
482,6231,5572,5389,2454,2674,11504,8965,7466,5511,4379,-5273,-3393,-2077,-3057,-1705,-15505,dire,6279.0,10781.0,5627.0,8746.0,5591.0,7140.0,2671.0,5429.0,2902.0,4366.0
483,5411,6431,6223,2725,3134,6251,5924,5434,3022,3680,-840,507,789,-297,-546,-387,radiant,5445.0,5941.0,6098.0,5977.0,5610.0,5294.0,2972.0,2983.0,2741.0,3670.0
484,6991,6585,4744,3199,3170,6931,7148,5213,2754,2819,60,-563,-469,445,351,-176,radiant,6276.0,7036.0,6198.0,7156.0,4372.0,5100.0,2994.0,2919.0,3117.0,2997.0
485,7540,5750,3102,4365,4747,7755,5062,7477,3742,3335,-215,688,-4375,623,1412,-1867,dire,7568.0,7600.0,5566.0,5051.0,3136.0,6992.0,4376.0,3277.0,4838.0,3216.0
486,7326,5209,4219,3371,2607,6881,6997,6559,3963,3075,445,-1788,-2340,-592,-468,-4743,dire,7327.0,6869.0,5518.0,7051.0,4358.0,6583.0,3362.0,4289.0,2785.0,3348.0
487,6392,5564,6130,2519,3206,4967,6293,5622,2710,2854,1425,-729,508,-191,352,1365,radiant,6441.0,4769.0,5443.0,6077.0,6192.0,5416.0,2516.0,2853.0,3418.0,3000.0
488,6508,4560,3820,4514,2772,5745,5773,5904,3373,3177,763,-1213,-2084,1141,-405,-1798,dire,6666.0,5394.0,4821.0,5780.0,4041.0,6191.0,4656.0,3665.0,3021.0,3485.0
489,7386,7069,3598,5086,2810,5890,5684,5125,3475,2333,1496,1385,-1527,1611,477,3442,radiant,6986.0,6072.0,6908.0,5818.0,3411.0,4875.0,4972.0,3562.0,2836.0,2470.0
490,5600,6557,5548,3011,2577,7740,6305,6173,3869,3255,-2140,252,-625,-858,-678,-4049,dire,5504.0,7509.0,6618.0,6026.0,5602.0,6007.0,3257.0,3999.0,2817.0,3151.0
491,8091,4852,6095,4845,3295,5085,5918,6322,3237,2834,3006,-1066,-227,1608,461,3782,radiant,8160.0,4871.0,4762.0,5807.0,6353.0,5651.0,4831.0,2961.0,3368.0,2722.0
492,8379,7117,6525,4691,4615,5544,5111,5195,4434,4036,2835,2006,1330,257,579,7007,radiant,7969.0,5625.0,7353.0,4995.0,6343.0,5029.0,4964.0,4458.0,4726.0,4216.0
493,6473,5235,3907,4181,3387,7095,5581,4607,2730,2835,-622,-346,-700,1451,552,335,radiant,6303.0,7077.0,5126.0,5644.0,3771.0,4769.0,4172.0,2895.0,3235.0,2832.0
494,8760,6918,5516,3783,3518,5185,4793,4407,2923,2609,3575,2125,1109,860,909,8578,radiant,8280.0,5238.0,6679.0,4880.0,5305.0,4558.0,3697.0,3179.0,3738.0,2827.0
495,8666,8763,6883,4347,4611,9094,8551,10467,5956,4827,-428,212,-3584,-1609,-216,-5625,dire,8641.0,9151.0,8577.0,8127.0,6999.0,10246.0,4581.0,6184.0,4908.0,4975.0
496,7245,6351,5904,3801,2600,6302,6801,5226,3437,3390,943,-450,678,364,-790,745,dire,7000.0,6131.0,6368.0,6719.0,5627.0,5302.0,3728.0,3602.0,2563.0,3555.0
497,6338,6993,6654,3955,4193,5232,5704,6543,4770,3313,1106,1289,111,-815,880,2571,dire,6314.0,5223.0,6941.0,5806.0,6029.0,6425.0,3971.0,4637.0,4261.0,3476.0
498,5476,6026,5428,3981,3187,6590,6568,5737,2727,3229,-1114,-542,-309,1254,-42,-753,radiant,5389.0,6413.0,5932.0,6641.0,5298.0,5673.0,4244.0,2941.0,3354.0,3318.0
499,7236,6810,7209,3216,3903,6148,6702,3960,6449,3126,1088,108,3249,-3233,777,1989,radiant,7082.0,6259.0,6414.0,6657.0,7127.0,4081.0,3066.0,6475.0,3964.0,3306.0
500,7045,5936,5368,2861,2743,7369,6074,6014,4225,3484,-324,-138,-646,-1364,-741,-3213,dire,6746.0,7017.0,5785.0,6086.0,5502.0,6058.0,2811.0,4374.0,2930.0,3698.0
501,7594,6116,5393,2815,2980,5558,4834,4862,2558,2091,2036,1282,531,257,889,4995,radiant,7635.0,5495.0,5900.0,4770.0,5374.0,4856.0,2981.0,2589.0,3181.0,2304.0
502,5942,5806,5556,3062,2534,7663,5882,5532,4250,4262,-1721,-76,24,-1188,-1728,-4689,radiant,5898.0,7495.0,5745.0,5876.0,5651.0,5541.0,3292.0,4228.0,2711.0,4320.0
503,7003,5534,5269,2164,2579,6767,5433,3626,3186,2546,236,101,1643,-1022,33,991,radiant,6817.0,6518.0,5415.0,4921.0,5197.0,3424.0,2208.0,3218.0,2575.0,2581.0
504,6484,6513,6477,4162,4019,7579,6745,5023,3217,2939,-1095,-232,1454,945,1080,2152,radiant,6214.0,7557.0,5827.0,6421.0,6409.0,5150.0,4150.0,3331.0,3667.0,2972.0
505,6634,5845,5189,4064,3291,5799,6276,5892,4393,2635,835,-431,-703,-329,656,28,radiant,6569.0,5660.0,5815.0,6290.0,5329.0,6172.0,3798.0,4668.0,3119.0,2686.0
506,6102,4955,4538,3397,2479,6503,6322,4701,4346,3849,-401,-1367,-163,-949,-1370,-4250,dire,5697.0,5984.0,4722.0,6334.0,4509.0,4791.0,3467.0,4301.0,2570.0,3915.0
507,7645,6201,7678,4297,3661,5160,6181,5326,3589,3127,2485,20,2352,708,534,6099,radiant,7714.0,5103.0,6040.0,6462.0,7947.0,5310.0,4484.0,3867.0,3858.0,3193.0
508,7351,5796,8131,3630,3796,5650,5736,5390,3569,3211,1701,60,2741,61,585,5148,dire,7607.0,5658.0,5435.0,5669.0,7967.0,5748.0,3708.0,3730.0,3716.0,3371.0
509,6939,5981,5530,3281,3350,5479,5479,5078,3200,2407,1460,502,452,81,943,3438,radiant,6732.0,5833.0,5790.0,5442.0,5425.0,5108.0,3186.0,3088.0,3199.0,2552.0
510,7766,4707,5358,4431,3294,7971,6844,4642,4670,3717,-205,-2137,716,-239,-423,-2288,dire,7851.0,7628.0,4406.0,7051.0,5727.0,4820.0,4607.0,4716.0,3145.0,3738.0
511,6906,6240,5730,4604,3936,7252,6002,6018,3859,3871,-346,238,-288,745,65,414,radiant,6446.0,7076.0,5716.0,6041.0,5217.0,6290.0,3860.0,3901.0,3614.0,4132.0
512,5109,5366,5524,2895,2312,5989,5244,4365,3884,2473,-880,122,1159,-989,-161,-749,dire,5030.0,6034.0,5320.0,5095.0,5669.0,3957.0,3093.0,3988.0,2320.0,2480.0
513,6227,5746,4428,3018,2644,7831,6812,5720,4027,3530,-1604,-1066,-1292,-1009,-886,-5857,dire,6069.0,7733.0,5862.0,6723.0,4622.0,5555.0,3137.0,4078.0,2777.0,3666.0
514,7172,7473,4975,3761,2888,5027,6649,4088,3743,2891,2145,824,887,18,-3,3871,radiant,6773.0,5117.0,7517.0,6215.0,4877.0,4019.0,3894.0,3655.0,2958.0,3000.0
515,6784,7604,6412,4188,4021,5002,5712,4955,2885,2808,1782,1892,1457,1303,1213,7647,radiant,6461.0,4935.0,7436.0,5823.0,6162.0,4706.0,4311.0,3004.0,4004.0,2964.0
516,7205,5846,4769,3171,2494,6277,5349,3960,4150,2298,928,497,809,-979,196,1451,radiant,6813.0,6154.0,5578.0,5356.0,4305.0,4099.0,3282.0,4211.0,2609.0,2526.0
517,6252,5132,4873,3269,2855,6736,7050,6409,4325,3868,-484,-1918,-1536,-1056,-1013,-6007,dire,5968.0,6829.0,4889.0,7166.0,4992.0,6393.0,3176.0,4328.0,2877.0,4021.0
518,7195,6429,4078,3933,3400,5745,6296,5590,3301,2560,1450,133,-1512,632,840,1543,radiant,7310.0,5366.0,6046.0,6111.0,4152.0,5884.0,4071.0,3311.0,3527.0,2748.0
519,7540,7860,6378,3624,3588,6985,4980,5311,2662,2923,555,2880,1067,962,665,6129,radiant,7245.0,7175.0,7838.0,5030.0,5905.0,5649.0,3429.0,2913.0,3247.0,3121.0
520,5884,6689,5779,2831,2648,6012,6547,6822,3311,2767,-128,142,-1043,-480,-119,-1628,dire,5749.0,6042.0,6325.0,6127.0,5538.0,6255.0,3003.0,3358.0,2603.0,2743.0
521,8134,7377,6912,3969,2802,11544,9511,9313,5361,5123,-3410,-2134,-2401,-1392,-2321,-11658,dire,8401.0,10966.0,7003.0,9491.0,7005.0,8898.0,3927.0,5579.0,3046.0,4803.0
522,5291,6785,6252,4645,3844,4695,7141,4486,4320,2333,596,-356,1766,325,1511,3842,dire,4989.0,4828.0,6822.0,6655.0,5883.0,4583.0,4850.0,4413.0,3884.0,2231.0
523,6594,5968,4910,3522,3544,7004,6504,5211,3651,3137,-410,-536,-301,-129,407,-969,dire,6854.0,6446.0,6042.0,6339.0,5154.0,5137.0,3725.0,3586.0,3708.0,3091.0
524,8310,7209,5956,3929,4657,6439,6757,5141,3888,4172,1871,452,815,41,485,3664,radiant,7613.0,6476.0,6330.0,6571.0,5642.0,5254.0,3956.0,4116.0,4599.0,4183.0
525,7415,6170,5219,2698,3077,6206,5738,5813,2860,3700,1209,432,-594,-162,-623,262,dire,7069.0,6466.0,5650.0,5597.0,4828.0,5414.0,2574.0,2957.0,2919.0,3782.0
526,6460,8042,6620,3926,3195,5870,4863,4430,3987,3095,590,3179,2190,-61,100,5998,radiant,6444.0,5911.0,8068.0,4850.0,6622.0,4305.0,4076.0,2976.0,3311.0,3037.0
527,5757,6375,4363,4120,2867,8064,7388,5052,4719,3640,-2307,-1013,-689,-599,-773,-5381,dire,5435.0,7816.0,5950.0,7250.0,4594.0,4909.0,4162.0,4912.0,2813.0,3567.0
528,5385,5711,6156,3961,3550,4745,4764,4692,2143,2985,640,947,1464,1818,565,5434,dire,5273.0,4748.0,5835.0,4782.0,6139.0,4609.0,3804.0,2303.0,3766.0,2938.0
529,4666,5085,4995,3424,2718,6567,4897,5847,3282,2286,-1901,188,-852,142,432,-1991,radiant,4572.0,6642.0,5267.0,4765.0,4850.0,5891.0,3158.0,3445.0,2789.0,2474.0
530,8321,6218,5461,3810,4116,6244,4652,5549,2997,2803,2077,1566,-88,813,1313,5681,radiant,8027.0,6017.0,6230.0,4818.0,5427.0,5521.0,4018.0,3255.0,4097.0,3050.0
531,5590,6233,4464,2973,3582,5909,4971,5617,3719,2620,-319,1262,-1153,-746,962,6,dire,5838.0,5801.0,6040.0,4726.0,4308.0,5908.0,3243.0,3213.0,3729.0,2537.0
532,6214,6066,6115,3216,3685,6815,6966,5395,2955,2913,-601,-900,720,261,772,252,radiant,5939.0,6716.0,6090.0,6613.0,6000.0,5610.0,3113.0,2983.0,3573.0,3160.0
533,8689,6932,7749,4092,3421,6452,7148,6795,4061,2865,2237,-216,954,31,556,3562,dire,8482.0,6223.0,6755.0,7098.0,7802.0,6644.0,4220.0,4009.0,3338.0,2723.0
534,5345,6559,5162,4090,3171,6698,5955,4671,4006,3931,-1353,604,491,84,-760,-934,radiant,5063.0,6865.0,6678.0,5912.0,5233.0,4888.0,3934.0,4120.0,3234.0,4065.0
535,5818,6015,5614,4664,3197,4543,5215,3435,2154,2118,1275,800,2179,2510,1079,7843,radiant,5919.0,4852.0,5904.0,4627.0,5407.0,3442.0,4619.0,2285.0,3179.0,2285.0
536,6439,6550,4467,3537,2914,4529,5140,3887,2316,2250,1910,1410,580,1221,664,5785,radiant,6459.0,4630.0,6505.0,5270.0,4535.0,3677.0,3746.0,2430.0,2819.0,2371.0
537,5179,5481,5573,3288,3014,6359,4077,4343,2848,2885,-1180,1404,1230,440,129,2023,dire,5194.0,6767.0,4806.0,4290.0,5527.0,4377.0,2973.0,3111.0,2952.0,3119.0
538,8983,5690,6591,5048,3373,4948,4638,3656,2936,2811,4035,1052,2935,2112,562,10696,radiant,8924.0,4754.0,5497.0,4811.0,6574.0,3861.0,5122.0,3140.0,3603.0,2863.0
539,5800,6485,5839,3970,2833,5735,5976,5448,3753,2431,65,509,391,217,402,1584,dire,5452.0,5840.0,6245.0,5839.0,5477.0,5109.0,4135.0,3957.0,2930.0,2567.0
540,6563,5957,5263,2704,2901,7361,6906,5169,4208,2911,-798,-949,94,-1504,-10,-3167,dire,6192.0,7177.0,6081.0,6943.0,5183.0,4870.0,2658.0,4196.0,3104.0,3079.0
541,6599,5527,5410,3769,2820,7266,5946,4239,4538,2661,-667,-419,1171,-769,159,-525,dire,6520.0,7171.0,5392.0,5347.0,5463.0,4138.0,4071.0,4365.0,3086.0,2629.0
542,7682,5294,6181,4216,2633,6344,6336,5745,3197,3519,1338,-1042,436,1019,-886,865,radiant,7205.0,6019.0,5536.0,6448.0,6077.0,5792.0,4175.0,3441.0,2723.0,3788.0
543,5119,4968,4754,3057,2522,8081,6943,6209,4056,3757,-2962,-1975,-1455,-999,-1235,-8626,dire,4982.0,7432.0,5294.0,6654.0,4827.0,6263.0,3294.0,3958.0,2661.0,3638.0
544,6151,5336,7389,4749,3287,6416,5551,6109,3255,3449,-265,-215,1280,1494,-162,2132,radiant,6273.0,6569.0,5162.0,5706.0,7083.0,6241.0,4833.0,3171.0,3377.0,3270.0
545,7268,5684,5530,3711,2794,7426,7758,6558,4631,2832,-158,-2074,-1028,-920,-38,-4218,dire,7191.0,7324.0,5548.0,7621.0,5336.0,6793.0,3523.0,4466.0,3007.0,3035.0
546,5898,6271,5176,3037,2835,5210,6412,6847,3376,2472,688,-141,-1671,-339,363,-1100,dire,5790.0,4951.0,6048.0,6022.0,5349.0,6529.0,3103.0,3007.0,2903.0,2552.0
547,7143,5075,5503,4615,2852,6881,4875,4899,4498,3505,262,200,604,117,-653,530,dire,7093.0,6541.0,5141.0,5030.0,5570.0,4760.0,4908.0,4499.0,3080.0,3705.0
548,7575,7022,6070,4258,3544,6425,5723,4979,3614,2583,1150,1299,1091,644,961,5145,radiant,7257.0,6377.0,6472.0,5670.0,5947.0,5268.0,4219.0,3484.0,3315.0,2726.0
549,6282,6298,5228,3172,2244,6178,5250,5332,3446,3693,104,1048,-104,-274,-1449,-675,dire,6332.0,5684.0,6068.0,4957.0,5178.0,5142.0,2890.0,3458.0,2272.0,3704.0
550,11282,9714,7732,4327,3797,9724,8699,8162,4298,3910,1558,1015,-430,29,-113,2059,dire,11176.0,9730.0,9567.0,8662.0,7689.0,8133.0,4545.0,4526.0,3783.0,4054.0
551,6740,6461,6124,3349,3046,6676,5405,5031,3026,2789,64,1056,1093,323,257,2793,radiant,6702.0,6599.0,6194.0,5353.0,6003.0,5140.0,3407.0,3146.0,2817.0,2931.0
552,6979,6349,5448,4101,2269,6356,5214,5532,3215,3226,623,1135,-84,886,-957,1603,radiant,6821.0,6354.0,6117.0,5203.0,5432.0,5276.0,4208.0,3147.0,2386.0,2999.0
553,6725,5582,5872,3588,3752,6748,5795,5539,3681,3061,-23,-213,333,-93,691,695,radiant,6670.0,6452.0,5602.0,5684.0,6010.0,5243.0,3543.0,3477.0,3837.0,3119.0
554,6649,5603,5880,2779,2345,6695,7903,6609,2961,3127,-46,-2300,-729,-182,-782,-4039,radiant,6659.0,6661.0,5798.0,7960.0,6238.0,6449.0,2896.0,2985.0,2379.0,3207.0
555,5646,6539,5922,3040,2939,5896,5027,6410,4437,2625,-250,1512,-488,-1397,314,-309,radiant,5888.0,5622.0,6460.0,5276.0,5938.0,6120.0,2936.0,3943.0,2784.0,2756.0
556,6085,5886,4977,2736,2295,8004,5625,6078,4028,3006,-1919,261,-1101,-1292,-711,-4762,dire,6146.0,7991.0,5849.0,5610.0,4562.0,5947.0,2884.0,4190.0,2413.0,3166.0
557,5729,5701,8199,3653,3291,6782,7242,5932,3722,2761,-1053,-1541,2267,-69,530,134,dire,5462.0,6286.0,5643.0,7251.0,8177.0,5840.0,3534.0,3824.0,3349.0,2886.0
558,6650,6958,4066,5806,3493,5942,5005,4341,2214,2443,708,1953,-275,3592,1050,7028,dire,6794.0,5896.0,7143.0,5159.0,3927.0,3980.0,5888.0,2180.0,3674.0,2604.0
559,6403,3636,5981,3251,2855,6884,7046,6653,4277,3495,-481,-3410,-672,-1026,-640,-6229,dire,6311.0,6457.0,3497.0,6905.0,6127.0,6789.0,3498.0,4181.0,3008.0,3561.0
560,5021,6036,5036,3924,2933,7572,6192,6670,2967,2891,-2551,-156,-1634,957,42,-3342,dire,4912.0,7302.0,6033.0,5897.0,5264.0,6535.0,3889.0,3070.0,2880.0,3046.0
561,5045,6403,5142,4110,3364,5908,5745,6399,3646,2589,-863,658,-1257,464,775,-223,radiant,4906.0,5755.0,6079.0,6051.0,5357.0,6407.0,4123.0,3442.0,3069.0,2609.0
562,5805,3113,3812,4915,3629,9118,6276,6068,4158,3629,-3313,-3163,-2256,757,0,-7975,dire,6002.0,8786.0,3243.0,6118.0,3944.0,6002.0,4850.0,4376.0,3933.0,3758.0
563,4966,6129,5609,5077,2906,4600,5762,5171,3972,2909,366,367,438,1105,-3,2273,dire,4940.0,4518.0,5544.0,5775.0,5428.0,4914.0,4996.0,3662.0,2990.0,2528.0
564,7369,5813,4441,4704,2859,6365,5709,5533,4365,3915,1004,104,-1092,339,-1056,-701,dire,7111.0,5996.0,5886.0,5527.0,4710.0,5501.0,4965.0,3600.0,2958.0,3790.0
565,7198,6140,5310,3063,3340,7419,5134,4911,3722,3618,-221,1006,399,-659,-278,247,dire,6896.0,6648.0,5764.0,5180.0,5342.0,4831.0,2925.0,3730.0,3306.0,3740.0
566,6871,7653,6042,3310,3160,6197,5572,4809,2616,3282,674,2081,1233,694,-122,4560,radiant,6790.0,6093.0,7132.0,5761.0,6054.0,4754.0,3423.0,2744.0,3134.0,3278.0
567,7943,6773,7033,3771,3494,7033,5198,4961,4323,3192,910,1575,2072,-552,302,4307,radiant,7649.0,6886.0,7060.0,5003.0,6865.0,5013.0,3864.0,4396.0,3583.0,3254.0
568,9423,7085,6553,3992,3950,13320,9196,9227,6704,4291,-3897,-2111,-2674,-2712,-341,-11735,dire,8984.0,12640.0,6754.0,8994.0,6924.0,8828.0,4036.0,6742.0,3898.0,4141.0
569,5123,7055,5251,4194,3455,7872,7445,5613,3129,3062,-2749,-390,-362,1065,393,-2043,dire,5056.0,7716.0,6683.0,7283.0,5109.0,5686.0,4126.0,3351.0,3384.0,3199.0
570,5881,6738,6797,3670,3086,6614,5053,5297,3348,3154,-733,1685,1500,322,-68,2706,radiant,5634.0,6091.0,6376.0,5150.0,6789.0,5048.0,3945.0,3553.0,3275.0,3205.0
571,7139,7975,6520,4449,4367,6694,5307,4633,3245,2740,445,2668,1887,1204,1627,7831,radiant,6671.0,6684.0,8033.0,5526.0,6445.0,4961.0,4531.0,3505.0,4281.0,2963.0
572,6840,5960,5886,4185,3049,6644,5986,4141,2843,2163,196,-26,1745,1342,886,4143,radiant,6821.0,6938.0,5947.0,5587.0,6028.0,4218.0,3909.0,2928.0,3321.0,2388.0
573,7607,6061,6362,2498,3464,5628,5885,3144,5794,3277,1979,176,3218,-3296,187,2264,dire,7372.0,5537.0,6269.0,6015.0,6618.0,3113.0,2742.0,5478.0,3749.0,3448.0
574,8512,5445,6533,3875,2995,6716,6663,5059,3978,2541,1796,-1218,1474,-103,454,2403,dire,8515.0,6583.0,5132.0,6688.0,6175.0,5057.0,3830.0,3900.0,3055.0,2775.0
575,7754,4725,6460,3677,2770,6131,5780,6228,2903,3560,1623,-1055,232,774,-790,784,dire,7690.0,6003.0,4437.0,5780.0,6554.0,5997.0,3799.0,2963.0,2954.0,3531.0
576,6277,6050,5058,3246,2619,6954,6390,5743,3720,1820,-677,-340,-685,-474,799,-1377,radiant,6157.0,7268.0,6399.0,6247.0,5010.0,5740.0,3464.0,3715.0,2607.0,2024.0
577,6330,7055,6077,3731,3259,7655,6850,5547,3719,3600,-1325,205,530,12,-341,-919,dire,6215.0,7561.0,7033.0,6798.0,6107.0,5587.0,3806.0,3635.0,3447.0,3737.0
578,4729,8734,6329,4000,2509,6831,7242,4405,4965,4054,-2102,1492,1924,-965,-1545,-1196,dire,4730.0,6592.0,8517.0,6671.0,6619.0,4369.0,4105.0,4634.0,2591.0,3998.0
579,6631,4989,5211,3388,3518,4614,6223,6106,3294,4210,2017,-1234,-895,94,-692,-710,dire,6767.0,4472.0,4853.0,5962.0,5136.0,5971.0,3539.0,3216.0,3757.0,4486.0
580,5703,4572,6312,3875,3154,6965,5594,6067,2292,2664,-1262,-1022,245,1583,490,34,radiant,5423.0,6939.0,4595.0,5846.0,6228.0,6034.0,4057.0,2513.0,3200.0,2860.0
581,7977,5824,6613,3730,2991,7190,6424,5815,2559,2247,787,-600,798,1171,744,2900,radiant,7881.0,6797.0,5522.0,6562.0,6357.0,5587.0,3560.0,2663.0,3118.0,2320.0
582,8065,5991,4995,3039,3094,6849,6418,5861,3475,2876,1216,-427,-866,-436,218,-295,radiant,7470.0,6908.0,6059.0,6428.0,4905.0,5880.0,3001.0,3471.0,3203.0,2705.0
583,7292,6158,6498,3501,3141,5817,6580,5521,3230,3207,1475,-422,977,271,-66,2235,radiant,7189.0,5799.0,6126.0,6754.0,5902.0,5231.0,3460.0,3232.0,3295.0,3195.0
584,7210,5566,4738,5231,3657,7430,7665,6198,4024,3595,-220,-2099,-1460,1207,62,-2510,radiant,7321.0,7286.0,5547.0,7292.0,4651.0,6316.0,5411.0,4028.0,3798.0,3770.0
585,7868,5309,7140,3299,4213,5467,5756,5782,3075,3636,2401,-447,1358,224,577,4113,radiant,7499.0,5586.0,5376.0,5734.0,6934.0,5734.0,3251.0,3287.0,4199.0,3884.0
586,6810,6245,5299,5101,2541,6572,6547,4673,4309,3118,238,-302,626,792,-577,777,dire,6806.0,6520.0,6525.0,6357.0,5127.0,4794.0,5205.0,4562.0,2779.0,3302.0
587,5998,3607,5993,3865,2987,8299,6612,6168,3097,3096,-2301,-3005,-175,768,-109,-4822,dire,5789.0,7740.0,3679.0,6450.0,5689.0,6017.0,3789.0,3004.0,3242.0,3057.0
588,6418,6304,6594,2753,2104,7759,7407,6273,3952,3812,-1341,-1103,321,-1199,-1708,-5030,dire,5978.0,7714.0,5951.0,7178.0,5903.0,6315.0,2606.0,4006.0,2127.0,3618.0
589,9997,8092,7328,6218,4736,10641,9298,8014,6199,4744,-644,-1206,-686,19,-8,-2525,dire,9752.0,10553.0,8139.0,9202.0,7138.0,7264.0,5942.0,6108.0,4673.0,5035.0
590,9956,6691,6098,4863,4024,7039,5446,4588,3327,2089,2917,1245,1510,1536,1935,9143,radiant,9235.0,7428.0,6340.0,5799.0,5793.0,4689.0,4473.0,3583.0,3967.0,2286.0
591,6998,6438,6622,3113,2885,6282,6153,5357,3845,2885,716,285,1265,-732,0,1534,dire,6952.0,6196.0,6354.0,5936.0,6422.0,5328.0,3115.0,3833.0,3044.0,2978.0
592,8019,7353,6524,4561,3311,5542,4565,3501,3744,3316,2477,2788,3023,817,-5,9100,radiant,8036.0,5076.0,7269.0,4505.0,6655.0,3759.0,4763.0,3849.0,3540.0,3278.0
593,6884,5771,5694,3655,3105,7080,6215,6022,2679,2496,-196,-444,-328,976,609,617,radiant,6413.0,6636.0,5343.0,6617.0,5588.0,6176.0,3093.0,2919.0,2680.0,2729.0
594,6901,5966,5649,3468,3263,6784,6239,6083,2812,2199,117,-273,-434,656,1064,1130,dire,6816.0,6670.0,5668.0,6172.0,5525.0,6181.0,3649.0,2871.0,3275.0,2229.0
595,6403,6570,6227,3927,3396,4846,4230,4312,2624,2993,1557,2340,1915,1303,403,7518,radiant,5893.0,4862.0,6664.0,4378.0,6239.0,4173.0,3786.0,2668.0,3441.0,2897.0
596,7436,6220,6920,2439,2995,7109,7071,6453,3463,2493,327,-851,467,-1024,502,-579,dire,6950.0,7138.0,6011.0,6898.0,6788.0,6541.0,2578.0,3683.0,2951.0,2656.0
597,4977,5663,5818,3676,1926,8101,7020,6185,3423,2984,-3124,-1357,-367,253,-1058,-5653,dire,4974.0,7586.0,5796.0,6657.0,5591.0,5855.0,3737.0,3608.0,2016.0,3098.0
598,6624,9037,6998,3331,3274,6369,6763,5804,3222,2368,255,2274,1194,109,906,4738,radiant,6418.0,5984.0,9143.0,7012.0,6952.0,5643.0,3422.0,3317.0,3167.0,2422.0
599,7551,5856,6732,3707,2677,5083,6201,5759,2512,2966,2468,-345,973,1195,-289,4002,dire,7633.0,4863.0,5925.0,5665.0,6554.0,5561.0,3660.0,2612.0,2696.0,2940.0
600,6597,6397,5476,3706,3886,6938,4608,5981,3303,3592,-341,1789,-505,403,294,1640,radiant,6414.0,6857.0,6299.0,4301.0,5585.0,5919.0,3854.0,3064.0,3960.0,3542.0
601,6842,7349,5692,3134,1808,7390,5956,6167,2744,2748,-548,1393,-475,390,-940,-180,radiant,6766.0,7099.0,7187.0,5500.0,5509.0,5928.0,3281.0,2615.0,1912.0,2750.0
602,6855,6798,5339,4980,2932,7342,5956,4923,3292,3452,-487,842,416,1688,-520,1939,radiant,6698.0,6980.0,6628.0,6121.0,5177.0,4859.0,4707.0,3477.0,2897.0,3554.0
603,5927,6284,3495,4827,2466,7318,6282,6311,3680,3766,-1391,2,-2816,1147,-1300,-4358,radiant,6311.0,7256.0,6380.0,6424.0,3694.0,5998.0,4889.0,3891.0,2508.0,3824.0
604,7305,6669,5525,5261,3595,5287,4869,4424,3794,3465,2018,1800,1101,1467,130,6516,radiant,6679.0,5405.0,6762.0,4968.0,5337.0,4726.0,5393.0,3940.0,3725.0,3299.0
605,5263,5230,5861,3011,2643,7899,5390,6498,5568,3219,-2636,-160,-637,-2557,-576,-6566,dire,5028.0,8183.0,5257.0,5422.0,5560.0,6461.0,3182.0,5618.0,2707.0,3510.0
606,6110,7245,5738,3437,3078,6833,6612,5676,3581,3023,-723,633,62,-144,55,-117,dire,6095.0,6465.0,7354.0,6694.0,5420.0,5739.0,3450.0,3615.0,3259.0,3081.0
607,6870,6273,5709,3453,3617,7332,5519,5582,3198,2928,-462,754,127,255,689,1363,radiant,6936.0,6878.0,6285.0,5353.0,5841.0,5522.0,3487.0,3349.0,3586.0,2967.0
608,4972,5972,6027,3815,3292,7195,5684,4334,2825,2521,-2223,288,1693,990,771,1519,radiant,4545.0,7016.0,5434.0,5935.0,5913.0,4584.0,3600.0,3084.0,3078.0,2684.0
609,7131,7098,6367,4688,2605,7125,5448,4931,2388,2536,6,1650,1436,2300,69,5461,radiant,6761.0,7348.0,6811.0,5306.0,6185.0,4899.0,4764.0,2525.0,2788.0,2626.0
610,5220,6761,5824,3089,3309,5850,7220,6790,3457,3940,-630,-459,-966,-368,-631,-3054,radiant,5463.0,5498.0,6977.0,7249.0,5944.0,6720.0,3230.0,3553.0,3582.0,4050.0
611,6168,5929,5792,3115,2622,6839,5769,4836,3291,3353,-671,160,956,-176,-731,-462,dire,5738.0,6949.0,6146.0,5541.0,5453.0,4932.0,3013.0,3148.0,2782.0,3536.0
612,9828,5220,5058,2839,4285,9411,6272,4747,3953,2857,417,-1052,311,-1114,1428,-10,radiant,9104.0,9097.0,5430.0,6207.0,5186.0,4517.0,2858.0,4173.0,4378.0,2958.0
613,5398,4296,5368,3100,2796,6544,7719,5673,4495,3927,-1146,-3423,-305,-1395,-1131,-7400,dire,5313.0,6644.0,4209.0,7688.0,4708.0,5709.0,2844.0,4378.0,2429.0,3896.0
614,6332,7382,6038,3499,3000,5412,6237,4554,4879,4461,920,1145,1484,-1380,-1461,708,dire,5814.0,5673.0,7166.0,6286.0,5978.0,4728.0,3515.0,4917.0,3083.0,4759.0
615,7226,5991,5962,4663,3257,4988,5758,4908,2572,2640,2238,233,1054,2091,617,6233,radiant,6970.0,5082.0,5879.0,5964.0,6147.0,5170.0,4685.0,2455.0,3363.0,2513.0
616,5196,6804,3609,6257,3422,6355,7044,5814,3392,2861,-1159,-240,-2205,2865,561,-178,radiant,5573.0,5508.0,7206.0,6318.0,3702.0,5239.0,6366.0,3104.0,3675.0,2589.0
617,5677,4798,2854,2856,2702,6412,7653,7001,4078,4821,-735,-2855,-4147,-1222,-2119,-11078,radiant,5611.0,6535.0,4477.0,7752.0,2726.0,6777.0,2715.0,4086.0,2800.0,4989.0
618,6313,7676,6774,3999,3140,4605,4269,5219,2096,2138,1708,3407,1555,1903,1002,9575,radiant,6653.0,4387.0,7767.0,4327.0,7191.0,4644.0,3802.0,2261.0,3352.0,2335.0
619,8040,6183,6698,3086,2166,8877,6243,2932,4046,2979,-837,-60,3766,-960,-813,1096,radiant,7914.0,8698.0,6332.0,5977.0,6649.0,3056.0,3014.0,3857.0,2246.0,2950.0
620,6586,5837,4631,4269,3188,6309,6004,6309,3182,2920,277,-167,-1678,1087,268,-213,dire,6105.0,6311.0,5839.0,6318.0,4350.0,6687.0,4166.0,3277.0,3281.0,3190.0
621,7354,7165,5968,4174,2823,6028,6425,4702,2746,2928,1326,740,1266,1428,-105,4655,radiant,7599.0,5632.0,7236.0,6388.0,5871.0,4702.0,3836.0,2730.0,2992.0,3112.0
622,6579,5805,6982,3045,2966,5153,6215,5635,3408,3060,1426,-410,1347,-363,-94,1906,dire,6426.0,5195.0,6039.0,5881.0,7063.0,5384.0,3280.0,3398.0,3172.0,3104.0
623,6412,6025,5415,2704,3433,5986,6245,4573,2368,2450,426,-220,842,336,983,2367,dire,6334.0,5940.0,6083.0,6100.0,5376.0,4463.0,2828.0,2407.0,3480.0,2506.0
624,5750,6537,5457,2791,1919,7034,6877,7214,3314,3282,-1284,-340,-1757,-523,-1363,-5267,radiant,5935.0,6871.0,6557.0,6650.0,5494.0,6852.0,2709.0,3117.0,2121.0,2961.0
625,5576,6637,5520,3416,2747,4816,6080,4834,2790,3252,760,557,686,626,-505,2124,radiant,5360.0,4651.0,6215.0,6319.0,5183.0,4794.0,3373.0,2864.0,2470.0,3320.0
626,3918,5254,3872,2666,1937,6355,5090,5474,3041,3131,-2437,164,-1602,-375,-1194,-5444,dire,3991.0,6191.0,5145.0,5498.0,4002.0,5719.0,2716.0,3270.0,1793.0,3202.0
627,6096,5945,5770,3328,3268,5505,3732,2955,2444,2501,591,2213,2815,884,767,7270,radiant,6127.0,5779.0,5783.0,3837.0,5752.0,3107.0,3311.0,2484.0,3301.0,2747.0
628,7098,7972,7146,3345,3303,4156,3866,3325,1953,1594,2942,4106,3821,1392,1709,13970,radiant,6909.0,3919.0,7703.0,4025.0,7131.0,3434.0,3210.0,2107.0,3416.0,1788.0
629,6040,6774,7722,2749,2804,4871,6048,3867,3246,2948,1169,726,3855,-497,-144,5109,radiant,6115.0,4660.0,6120.0,5991.0,7134.0,3924.0,2490.0,3277.0,2774.0,2693.0
630,6075,4898,4734,3579,2705,5650,6565,6559,3484,4362,425,-1667,-1825,95,-1657,-4629,dire,6282.0,5673.0,4737.0,6632.0,4769.0,6508.0,3648.0,3649.0,2784.0,4593.0
631,6244,4987,5194,3700,2783,6284,5867,5751,4008,3197,-40,-880,-557,-308,-414,-2199,dire,6095.0,6318.0,4664.0,5919.0,5295.0,5852.0,3740.0,4143.0,2888.0,3404.0
632,6316,5071,5216,3116,2855,6407,5152,5429,3084,2622,-91,-81,-213,32,233,-120,dire,6075.0,6490.0,5294.0,5075.0,5514.0,5647.0,3171.0,3271.0,3078.0,2782.0
633,7442,6510,4804,3925,4450,7104,6505,5895,4022,4525,338,5,-1091,-97,-75,-920,radiant,7271.0,6652.0,6580.0,6334.0,4711.0,5226.0,4144.0,3885.0,4146.0,4575.0
634,6026,5494,5401,3243,3904,5325,6341,5878,5338,4788,701,-847,-477,-2095,-884,-3602,radiant,6015.0,4947.0,5512.0,6387.0,5678.0,6033.0,3494.0,5169.0,4208.0,4803.0
635,7681,6926,6104,3998,4216,6886,5227,7381,2703,2840,795,1699,-1277,1295,1376,3888,radiant,7505.0,6761.0,6592.0,5125.0,5890.0,7310.0,3813.0,2846.0,4277.0,3013.0
636,5078,6257,5646,3818,3139,7689,6911,6336,3064,3217,-2611,-654,-690,754,-78,-3279,dire,4832.0,7643.0,6451.0,6782.0,5543.0,6578.0,3996.0,3175.0,3312.0,3409.0
637,6984,6012,6468,3660,3451,7710,5119,5496,3526,2622,-726,893,972,134,829,2102,dire,6760.0,8019.0,5868.0,5313.0,6272.0,5584.0,2788.0,3774.0,3030.0,2806.0
638,7855,6433,5482,4189,3463,7695,5593,5723,3650,2988,160,840,-241,539,475,1773,radiant,7485.0,7960.0,6531.0,5840.0,5332.0,5664.0,3904.0,3880.0,3351.0,3154.0
639,6963,6485,5136,3257,2787,5536,4754,5986,3269,2031,1427,1731,-850,-12,756,3052,dire,6763.0,5671.0,6284.0,4507.0,5220.0,5834.0,3254.0,3177.0,2801.0,2235.0
640,6354,5809,4527,2951,2384,6936,5741,5527,4103,2640,-582,68,-1000,-1152,-256,-2922,radiant,6229.0,7126.0,5637.0,5409.0,4775.0,5513.0,3193.0,4260.0,2442.0,2875.0
641,7389,6103,3084,5012,2665,8355,7266,5505,3877,2259,-966,-1163,-2421,1135,406,-3009,dire,7356.0,8184.0,6224.0,7024.0,3068.0,5615.0,5044.0,4041.0,2716.0,2354.0
642,7033,6772,5766,2588,2331,9513,8497,7067,3957,3246,-2480,-1725,-1301,-1369,-915,-7790,dire,6746.0,8970.0,7092.0,7702.0,5939.0,6732.0,2730.0,3866.0,2163.0,3239.0
643,8685,5510,6145,4914,3756,6421,5838,4801,2651,2981,2264,-328,1344,2263,775,6318,radiant,8395.0,6016.0,5451.0,5597.0,6210.0,5163.0,4319.0,2892.0,3435.0,3180.0
644,7260,4847,6071,2825,2254,8104,6984,6649,3173,2646,-844,-2137,-578,-348,-392,-4299,dire,6807.0,7835.0,5214.0,6961.0,6482.0,6507.0,2835.0,3286.0,2469.0,2567.0
645,6318,4875,4693,3734,3787,6618,7482,5546,4623,3194,-300,-2607,-853,-889,593,-4056,dire,6257.0,6444.0,4980.0,7363.0,4774.0,5785.0,3419.0,4693.0,3816.0,3364.0
646,6076,6456,5729,3992,4331,6238,5749,6776,4711,3191,-162,707,-1047,-719,1140,-81,radiant,6165.0,5931.0,6343.0,6013.0,5742.0,6765.0,3931.0,4858.0,4354.0,3127.0
647,6806,7338,5523,7403,4215,5646,5444,4892,2885,3388,1160,1894,631,4518,827,9030,dire,6507.0,5248.0,7616.0,5350.0,5144.0,4612.0,7634.0,2943.0,4381.0,3409.0
648,7037,4809,4331,3757,3043,9097,6648,4988,2933,2991,-2060,-1839,-657,824,52,-3680,dire,6881.0,7986.0,4740.0,6469.0,4533.0,5053.0,3800.0,2711.0,3146.0,2920.0
649,7124,5661,3941,6125,3458,7369,6342,5210,4214,3831,-245,-681,-1269,1911,-373,-657,radiant,6857.0,7076.0,5709.0,6202.0,3615.0,5131.0,5953.0,4280.0,3509.0,3909.0
650,6717,6411,3258,3930,3256,7800,7166,6033,3278,2419,-1083,-755,-2775,652,837,-3124,radiant,6381.0,7395.0,6111.0,7173.0,3137.0,6259.0,3966.0,3155.0,3164.0,2600.0
651,4955,6996,4568,2619,2580,6697,6110,6061,3577,2823,-1742,886,-1493,-958,-243,-3550,dire,4660.0,6548.0,6555.0,6303.0,4676.0,6248.0,2668.0,3863.0,2343.0,2903.0
652,6462,7179,4911,3508,2197,7291,6974,6794,2587,2358,-829,205,-1883,921,-161,-1747,radiant,6485.0,7406.0,7099.0,7059.0,4646.0,6965.0,3374.0,2667.0,2428.0,2499.0
653,5354,6455,4904,3053,2900,5010,6807,5961,3279,3493,344,-352,-1057,-226,-593,-1884,radiant,5413.0,4991.0,6230.0,6792.0,4744.0,5513.0,3208.0,3213.0,3034.0,3768.0
654,5191,7072,5638,3764,1732,7488,6523,6830,3221,2957,-2297,549,-1192,543,-1225,-3622,radiant,5015.0,7355.0,6873.0,6769.0,5216.0,6850.0,3356.0,3388.0,1869.0,3117.0
655,10176,6412,3969,2765,2592,6874,6133,4052,3121,2732,3302,279,-83,-356,-140,3002,radiant,9727.0,6424.0,6367.0,6332.0,4142.0,4060.0,2905.0,3228.0,2748.0,2974.0
656,5674,6420,3784,3684,2805,8386,6767,5547,3431,2670,-2712,-347,-1763,253,135,-4434,dire,5995.0,8539.0,6166.0,7073.0,3959.0,5625.0,3914.0,3445.0,2992.0,2869.0
657,6374,6607,6830,3792,3854,6235,6190,5752,3483,2945,139,417,1078,309,909,2852,radiant,6380.0,6014.0,6448.0,6391.0,6700.0,5844.0,3318.0,3697.0,3575.0,3031.0
658,5427,5696,5184,3298,2967,7525,5497,5818,3147,2668,-2098,199,-634,151,299,-2083,dire,5292.0,7091.0,5701.0,5227.0,5285.0,5909.0,3587.0,3180.0,3233.0,2714.0
659,6844,5540,3796,5980,3169,7743,6197,5600,3650,2810,-899,-657,-1804,2330,359,-671,radiant,6789.0,7683.0,5635.0,6258.0,3728.0,5528.0,6146.0,3696.0,3239.0,2731.0
660,7274,5314,3715,4666,2626,6319,5544,5805,4236,3996,955,-230,-2090,430,-1370,-2305,dire,7114.0,5972.0,5464.0,5559.0,3859.0,5943.0,4619.0,4288.0,2712.0,4049.0
661,6137,6038,4607,3484,2940,7665,6269,6454,4564,3461,-1528,-231,-1847,-1080,-521,-5207,dire,6105.0,7251.0,5978.0,6117.0,4347.0,6466.0,3563.0,4237.0,2880.0,3221.0
662,7192,6696,5809,5857,3017,6191,6582,4480,2868,2574,1001,114,1329,2989,443,5876,radiant,6439.0,5812.0,6475.0,5883.0,5792.0,4063.0,5772.0,2769.0,2948.0,2568.0
663,7965,6964,5875,3813,2250,8286,7793,5660,3366,2668,-321,-829,215,447,-418,-906,dire,7823.0,7740.0,7184.0,7247.0,6218.0,5735.0,3841.0,3206.0,2482.0,2681.0
664,6371,6287,5709,3725,2246,7974,6238,7058,3562,2774,-1603,49,-1349,163,-528,-3268,radiant,5889.0,7826.0,6216.0,6186.0,5888.0,6682.0,3793.0,3725.0,2260.0,2909.0
665,7378,4945,6533,3547,3657,5997,4296,4632,3316,2885,1381,649,1901,231,772,4934,radiant,7355.0,5898.0,4922.0,4366.0,6547.0,4695.0,3659.0,3613.0,3776.0,3018.0
666,7945,6754,5299,4621,2358,6662,7363,7353,3459,2005,1283,-609,-2054,1162,353,135,radiant,8488.0,6659.0,6651.0,6933.0,5470.0,6864.0,4617.0,3526.0,2540.0,2152.0
667,8154,5991,5340,2910,3225,4622,5540,6036,3288,3264,3532,451,-696,-378,-39,2870,radiant,8145.0,4579.0,6269.0,5727.0,5385.0,5951.0,3054.0,3425.0,3323.0,3442.0
668,5729,5342,2590,3842,2345,6958,6666,6636,3038,3489,-1229,-1324,-4046,804,-1144,-6939,dire,5925.0,6808.0,5235.0,6391.0,2798.0,6620.0,3712.0,2939.0,2394.0,3511.0
669,6181,5711,4228,3344,2909,7224,5446,5032,4240,4393,-1043,265,-804,-896,-1484,-3962,dire,6597.0,7391.0,5571.0,5689.0,4269.0,5167.0,3437.0,4336.0,2990.0,4570.0
670,6094,6843,5716,4213,2750,8452,5708,4273,2892,3153,-2358,1135,1443,1321,-403,1138,dire,6230.0,8267.0,6752.0,5639.0,5773.0,4418.0,4301.0,2980.0,2914.0,3258.0
671,8773,6015,4499,2452,2712,8506,7548,6399,3299,3409,267,-1533,-1900,-847,-697,-4710,dire,7568.0,8220.0,6394.0,7165.0,4731.0,6480.0,2643.0,3124.0,2503.0,2664.0
672,6126,6882,5690,2893,2281,6455,6018,5231,2833,2686,-329,864,459,60,-405,649,radiant,5736.0,6245.0,6757.0,5711.0,5884.0,5561.0,2881.0,2997.0,2336.0,2929.0
673,7347,5886,5476,5817,5225,8853,7109,5840,3029,3276,-1506,-1223,-364,2788,1949,1644,radiant,7660.0,8794.0,5679.0,6232.0,5471.0,6045.0,5830.0,3235.0,5031.0,3452.0
674,7149,6734,6529,2927,2787,8333,8087,6314,2985,3417,-1184,-1353,215,-58,-630,-3010,dire,6704.0,8136.0,6659.0,7628.0,6551.0,6279.0,2872.0,3142.0,2952.0,3395.0
675,7240,7617,5068,2312,2663,7566,4829,6096,3687,2851,-326,2788,-1028,-1375,-188,-129,radiant,6657.0,7233.0,7567.0,4651.0,5137.0,6284.0,2532.0,3705.0,2517.0,2720.0
676,6679,6180,5258,4004,3869,6707,6487,5626,4338,3737,-28,-307,-368,-334,132,-905,dire,6868.0,6678.0,6041.0,6653.0,5224.0,5672.0,4259.0,4588.0,3993.0,4028.0
677,7002,7774,6554,3635,2777,11200,6446,6074,2505,2895,-4198,1328,480,1130,-118,-1378,radiant,6691.0,10546.0,7906.0,6582.0,6496.0,6194.0,3674.0,2465.0,2812.0,2958.0
678,7661,7255,6521,4300,4163,6386,6307,5285,4141,4183,1275,948,1236,159,-20,3598,radiant,7318.0,6276.0,7358.0,6155.0,6530.0,5285.0,4284.0,4270.0,4481.0,4119.0
679,5674,5475,6378,2431,2464,5391,5607,5982,2884,2645,283,-132,396,-453,-181,-87,dire,5502.0,5199.0,5361.0,5869.0,6088.0,5867.0,2600.0,2933.0,2375.0,2675.0
680,6052,4613,3639,4292,2420,6698,7206,5311,3321,3386,-646,-2593,-1672,971,-966,-4906,dire,5921.0,6896.0,4667.0,7069.0,3578.0,5220.0,4109.0,3037.0,2527.0,3582.0
681,5238,6180,4321,3296,2534,8231,5949,5514,3810,3346,-2993,231,-1193,-514,-812,-5281,dire,5190.0,8196.0,6423.0,5621.0,4351.0,5560.0,3480.0,3864.0,2703.0,3282.0
682,5834,5932,5879,3263,3036,6639,6519,5687,2811,2736,-805,-587,192,452,300,-448,radiant,5815.0,6566.0,5831.0,6395.0,5849.0,5482.0,3349.0,2834.0,3236.0,2852.0
683,5749,7102,5372,3243,2911,7206,5827,7389,3900,3563,-1457,1275,-2017,-657,-652,-3508,radiant,5941.0,6304.0,6769.0,5277.0,5571.0,6524.0,3540.0,3787.0,2902.0,3510.0
684,7055,5872,5677,3613,2810,5115,6774,4952,3120,3063,1940,-902,725,493,-253,2003,dire,6655.0,5175.0,5792.0,6787.0,5952.0,4657.0,3732.0,3074.0,2902.0,2805.0
685,5876,5042,5130,2968,2924,6576,6662,7089,3879,3411,-700,-1620,-1959,-911,-487,-5677,dire,6222.0,6467.0,5308.0,6621.0,4949.0,7081.0,3030.0,3572.0,3149.0,3307.0
686,8927,7482,4523,3043,3144,7133,6209,5797,3305,3238,1794,1273,-1274,-262,-94,1437,radiant,7312.0,7301.0,7241.0,6185.0,4516.0,6127.0,3126.0,3542.0,2906.0,3402.0
687,6486,6840,5298,3271,2855,6067,6401,5492,3014,2671,419,439,-194,257,184,1105,radiant,6280.0,5727.0,7021.0,6303.0,5201.0,5495.0,3514.0,3124.0,3051.0,2825.0
688,7917,7048,6338,4669,3944,6018,5147,5100,2829,2815,1899,1901,1238,1840,1129,8007,radiant,7493.0,5910.0,6698.0,4897.0,5956.0,5112.0,4477.0,2990.0,3869.0,2730.0
689,5607,4370,5331,4487,2398,7270,6952,8066,5983,3706,-1663,-2582,-2735,-1496,-1308,-9784,dire,5689.0,6918.0,3939.0,6607.0,5265.0,7642.0,4612.0,5357.0,2448.0,3842.0
690,6166,8876,6709,3822,3203,5324,5700,4972,3066,2231,842,3176,1737,756,972,7483,radiant,5935.0,5124.0,8734.0,5859.0,6641.0,4984.0,3714.0,3164.0,3242.0,2446.0
691,7254,4025,5054,3378,4736,6899,4855,5872,4356,3838,355,-830,-818,-978,898,-1373,dire,7054.0,7117.0,4172.0,4855.0,4988.0,5550.0,3395.0,4517.0,5042.0,3888.0
692,7154,7432,6174,3314,2708,7876,6636,5161,2935,2703,-722,796,1013,379,5,1471,dire,6654.0,7893.0,7425.0,6771.0,5825.0,5180.0,3129.0,2877.0,2857.0,2944.0
693,7307,6807,6399,4592,3321,4551,5622,5751,4995,5247,2756,1185,648,-403,-1926,2260,dire,7464.0,4801.0,6587.0,5602.0,6558.0,5672.0,4781.0,5282.0,3451.0,5300.0
694,6737,7218,5200,3633,4125,4561,5062,3867,4937,2730,2176,2156,1333,-1304,1395,5756,radiant,6789.0,4508.0,7203.0,5186.0,5193.0,3851.0,3816.0,4964.0,4143.0,2859.0
695,6922,7129,5648,4927,4022,5527,4786,4662,3096,2744,1395,2343,986,1831,1278,7833,radiant,6612.0,5655.0,6971.0,4822.0,5891.0,4487.0,4793.0,3279.0,3612.0,2937.0
696,5976,5529,4812,4147,3430,5411,5694,4598,3918,2973,565,-165,214,229,457,1300,radiant,5837.0,5498.0,5732.0,5134.0,4754.0,4929.0,3755.0,3699.0,3206.0,2890.0
697,5234,6069,5635,5336,3066,6956,5834,4521,6260,3125,-1722,235,1114,-924,-59,-1356,dire,5230.0,6514.0,5700.0,5386.0,5451.0,4770.0,5052.0,6583.0,3002.0,3396.0
698,7022,6484,4184,4122,3217,7438,5505,5387,3012,3329,-416,979,-1203,1110,-112,358,dire,6840.0,7018.0,6616.0,5375.0,4202.0,5459.0,4299.0,3115.0,3385.0,3352.0
699,6458,4926,4659,2277,2312,7486,7033,5798,3619,3462,-1028,-2107,-1139,-1342,-1150,-6766,dire,6213.0,7846.0,5135.0,7184.0,4749.0,5678.0,2455.0,3548.0,2450.0,3745.0
700,6003,6327,5375,2952,2981,6002,6565,5614,3248,3515,1,-238,-239,-296,-534,-1306,radiant,5812.0,5968.0,6538.0,6559.0,5460.0,5451.0,3124.0,3370.0,3114.0,3695.0
701,7485,6743,5576,2507,2555,6302,6404,4570,3763,4122,1183,339,1006,-1256,-1567,-295,dire,6914.0,6335.0,6375.0,6067.0,5747.0,4521.0,2601.0,3850.0,2646.0,4247.0
702,6425,6259,5604,4464,3184,8397,4245,6426,2365,3305,-1972,2014,-822,2099,-121,1198,dire,6247.0,8075.0,6022.0,4001.0,5450.0,6660.0,4235.0,2511.0,3330.0,3250.0
703,7290,6531,5543,5301,4043,4691,4699,3942,2676,2372,2599,1832,1601,2625,1671,10328,radiant,6922.0,4372.0,6403.0,4621.0,5793.0,4073.0,5271.0,2625.0,4286.0,2567.0
704,6160,5069,4327,2824,1981,5941,6959,5437,4245,3224,219,-1890,-1110,-1421,-1243,-5445,dire,5973.0,5791.0,5120.0,6792.0,4210.0,5520.0,2818.0,4398.0,2118.0,3109.0
705,4676,6731,5587,2953,2122,6873,6105,4400,4039,3493,-2197,626,1187,-1086,-1371,-2841,radiant,4809.0,6683.0,7039.0,5764.0,5338.0,4419.0,3123.0,3998.0,2338.0,3436.0
706,5131,4817,4907,2537,1990,6222,6870,5516,4592,2987,-1091,-2053,-609,-2055,-997,-6805,dire,5001.0,6239.0,4716.0,6894.0,4560.0,5507.0,2726.0,4566.0,2139.0,3039.0
707,6619,5606,7446,4314,4372,5855,5197,6809,3775,2700,764,409,637,539,1672,4021,radiant,6568.0,5652.0,5316.0,5174.0,7695.0,6606.0,4139.0,3789.0,4479.0,2813.0
708,5388,5116,5244,4421,3658,5765,6677,4797,3106,2579,-377,-1561,447,1315,1079,903,dire,5068.0,5765.0,4957.0,6414.0,4995.0,4930.0,3816.0,3267.0,3665.0,2716.0
709,5643,6512,7285,3367,3561,5285,4384,4666,2339,2336,358,2128,2619,1028,1225,7358,radiant,5622.0,5449.0,6552.0,4346.0,7251.0,4665.0,3574.0,2496.0,3660.0,2371.0
710,8181,5585,5603,3214,3074,6034,7775,5236,3459,2408,2147,-2190,367,-245,666,745,radiant,7421.0,5877.0,5460.0,7864.0,5442.0,5269.0,3217.0,3537.0,3088.0,2635.0
711,7120,5513,6184,3198,3191,6424,6631,4980,3952,2715,696,-1118,1204,-754,476,504,dire,6975.0,6187.0,5464.0,6344.0,5947.0,4985.0,3174.0,3817.0,3279.0,2857.0
712,6088,7718,6209,3680,2452,7394,7749,5532,2672,2698,-1306,-31,677,1008,-246,102,radiant,6025.0,7143.0,7569.0,7704.0,6326.0,4976.0,3867.0,2412.0,2692.0,2806.0
713,7347,6959,6513,3447,3405,5891,4101,5258,3885,2886,1456,2858,1255,-438,519,5650,radiant,6835.0,5761.0,6196.0,4200.0,5761.0,5402.0,3413.0,3890.0,3381.0,3095.0
714,8219,8343,5199,2508,2316,6163,6859,6619,2985,3191,2056,1484,-1420,-477,-875,768,dire,7869.0,6361.0,8612.0,6612.0,5523.0,6465.0,2739.0,3148.0,2437.0,3357.0
715,8276,6586,6390,4280,2768,6149,5185,5387,2563,2792,2127,1401,1003,1717,-24,6224,radiant,7840.0,6066.0,6314.0,5041.0,5716.0,5344.0,4313.0,2599.0,2733.0,2764.0
716,5228,4914,4912,4888,3769,6639,6930,5958,3493,3376,-1411,-2016,-1046,1395,393,-2685,dire,5455.0,6636.0,5018.0,6794.0,5058.0,5947.0,4897.0,3689.0,3981.0,3110.0
717,5814,6336,6043,3195,2731,6395,5702,5365,4164,3708,-581,634,678,-969,-977,-1215,dire,5741.0,6220.0,6473.0,5569.0,6336.0,5455.0,3396.0,4016.0,2843.0,3738.0
718,9048,6765,3809,3738,2870,6438,5346,5675,2577,2693,2610,1419,-1866,1161,177,3501,radiant,9236.0,6800.0,6920.0,5224.0,4024.0,5651.0,3459.0,2705.0,3069.0,2764.0
719,6027,6314,5375,3341,2763,5889,5785,5435,2673,3142,138,529,-60,668,-379,896,radiant,5932.0,5681.0,6254.0,6010.0,5404.0,5611.0,3215.0,2875.0,2864.0,3264.0
720,6878,6267,6076,3621,2501,7653,7257,6092,4881,3490,-775,-990,-16,-1260,-989,-4030,dire,6912.0,7594.0,6475.0,7202.0,6016.0,5927.0,3848.0,4752.0,2696.0,3670.0
721,6696,6608,5262,2474,3853,5956,5793,5287,2836,3391,740,815,-25,-362,462,1630,radiant,6190.0,5835.0,6802.0,5696.0,4494.0,5550.0,2471.0,3080.0,3600.0,3673.0
722,8499,7782,6706,3348,3747,6669,6457,5829,2800,2420,1830,1325,877,548,1327,5907,radiant,7748.0,6529.0,7693.0,6624.0,6700.0,5950.0,3309.0,2980.0,3707.0,2536.0
723,7125,5769,3596,3380,3280,5311,6009,6881,3754,2594,1814,-240,-3285,-374,686,-1399,radiant,7000.0,5168.0,5793.0,5959.0,3658.0,7159.0,3024.0,3909.0,3346.0,2719.0
724,6209,5186,6845,3577,2823,6335,5984,6562,3259,3061,-126,-798,283,318,-238,-561,dire,6063.0,6114.0,5075.0,5746.0,7151.0,6153.0,3783.0,3310.0,2879.0,3128.0
725,5872,5390,7353,3617,3556,6138,6013,4491,3914,3080,-266,-623,2862,-297,476,2152,radiant,6007.0,6147.0,5422.0,6271.0,7393.0,4782.0,3769.0,4251.0,3822.0,3376.0
726,7767,6916,5626,2573,2740,5607,6391,5193,3285,2232,2160,525,433,-712,508,2914,radiant,7478.0,5902.0,6673.0,6365.0,5639.0,5138.0,2756.0,3505.0,2748.0,2380.0
727,7186,6250,6983,3303,2842,7270,7157,6275,3177,3217,-84,-907,708,126,-375,-532,dire,6329.0,7022.0,6220.0,7071.0,7255.0,6404.0,3440.0,3315.0,3068.0,3413.0
728,6075,5420,5795,3389,3443,6768,6875,5293,3673,4342,-693,-1455,502,-284,-899,-2829,radiant,5816.0,6269.0,4993.0,6637.0,5552.0,5229.0,3505.0,3596.0,3520.0,4161.0
729,7143,6562,6061,4396,2349,8239,7661,6599,3912,3485,-1096,-1099,-538,484,-1136,-3385,dire,6695.0,8147.0,6616.0,7196.0,5803.0,6452.0,4382.0,3876.0,2274.0,3554.0
730,5800,6363,6726,3235,3454,7084,5911,6088,3152,2897,-1284,452,638,83,557,446,dire,5623.0,6904.0,5830.0,6067.0,6029.0,6403.0,3090.0,3063.0,3139.0,3113.0
731,5915,4892,3571,3754,3549,7995,7529,6965,4867,4307,-2080,-2637,-3394,-1113,-758,-9982,dire,6071.0,8221.0,4967.0,7224.0,3590.0,6241.0,3880.0,4324.0,3139.0,4291.0
732,8117,6565,5412,3298,2690,6701,5119,3955,5748,4458,1416,1446,1457,-2450,-1768,101,radiant,7849.0,6235.0,6574.0,5130.0,5251.0,3884.0,3499.0,5346.0,2888.0,4189.0
733,7436,6559,6535,4758,3248,6091,3905,4619,2448,2640,1345,2654,1916,2310,608,8833,radiant,7522.0,5977.0,6413.0,3918.0,6601.0,4783.0,4981.0,2519.0,3456.0,2837.0
734,7547,6497,4327,4969,3475,6859,6813,3046,4341,3046,688,-316,1281,628,429,2710,radiant,7279.0,6604.0,6113.0,6568.0,4239.0,3236.0,5017.0,4299.0,3388.0,3123.0
735,5399,4213,5799,2884,2719,7592,7647,6912,3782,3673,-2193,-3434,-1113,-898,-954,-8592,dire,5341.0,7380.0,4369.0,7264.0,5537.0,6989.0,3029.0,3991.0,2868.0,3763.0
736,6330,7076,4810,2897,3499,6702,5420,4519,3632,3292,-372,1656,291,-735,207,1047,radiant,6325.0,6675.0,7094.0,5568.0,4505.0,4588.0,3137.0,3590.0,3610.0,3393.0
737,7155,5678,4748,4341,2600,5930,7151,6690,3851,3449,1225,-1473,-1942,490,-849,-2549,dire,6725.0,5606.0,5700.0,7451.0,4811.0,6707.0,4592.0,3909.0,2521.0,3388.0
738,5787,6489,6173,3092,2836,5816,5948,6416,4337,3238,-29,541,-243,-1245,-402,-1378,dire,5632.0,5848.0,6369.0,5944.0,5699.0,6363.0,3253.0,4495.0,2819.0,3224.0
739,7991,7304,6084,3990,4056,5991,4983,4711,2245,2254,2000,2321,1373,1745,1802,9241,radiant,7706.0,5857.0,7066.0,5354.0,6174.0,4756.0,3927.0,2452.0,4223.0,2117.0
740,5243,5555,5789,3868,2979,6094,5983,6650,3467,3397,-851,-428,-861,401,-418,-2157,dire,4951.0,5769.0,5143.0,5961.0,5656.0,6603.0,3888.0,3683.0,2958.0,3680.0
741,5822,6437,5666,3450,3500,7633,5774,5784,3424,2688,-1811,663,-118,26,812,-428,dire,6037.0,7303.0,6367.0,5443.0,5289.0,5865.0,3618.0,3630.0,3462.0,2553.0
742,6250,5778,5615,2874,2181,5632,5912,6539,4171,3531,618,-134,-924,-1297,-1350,-3087,dire,6045.0,5525.0,5820.0,5740.0,5448.0,6501.0,3059.0,4063.0,2379.0,3302.0
743,6231,8276,7787,3116,2378,6881,7259,6374,3785,3318,-650,1017,1413,-669,-940,171,radiant,6080.0,5855.0,7602.0,6767.0,7524.0,5990.0,3014.0,3798.0,2431.0,3621.0
744,6203,7522,6879,4420,3490,6685,6679,5055,2223,2376,-482,843,1824,2197,1114,5496,radiant,6028.0,6493.0,7600.0,6632.0,6841.0,5255.0,4399.0,2406.0,3245.0,2599.0
745,6540,5641,5443,3016,3301,6481,8243,6791,3879,3499,59,-2602,-1348,-863,-198,-4952,dire,6882.0,6346.0,5561.0,7601.0,5801.0,6428.0,3171.0,4026.0,3406.0,3681.0
746,5709,6210,6128,2678,2517,5894,5277,6398,2731,3676,-185,933,-270,-53,-1159,-734,radiant,5707.0,5615.0,5947.0,4939.0,5961.0,6535.0,2799.0,2397.0,2616.0,3511.0
747,5794,5573,5893,3621,3227,6629,4955,4349,3753,3146,-835,618,1544,-132,81,1276,radiant,6081.0,5853.0,5560.0,4513.0,5665.0,4254.0,3833.0,3626.0,3383.0,2802.0
748,7452,7764,6030,2905,3480,6811,6550,5260,2893,3355,641,1214,770,12,125,2762,dire,7128.0,6219.0,7604.0,6308.0,5922.0,4935.0,2891.0,2818.0,3626.0,3393.0
749,7277,5595,5867,2995,3180,5772,5697,6966,3488,3935,1505,-102,-1099,-493,-755,-944,dire,7053.0,5663.0,5437.0,5681.0,5695.0,7031.0,3131.0,3679.0,3312.0,3895.0
750,5643,5182,7121,3743,4436,8445,6044,7839,4781,4147,-2802,-862,-718,-1038,289,-5131,radiant,5703.0,8401.0,5057.0,5692.0,7363.0,7630.0,4015.0,4741.0,4470.0,4137.0
751,7359,5929,4460,3366,2360,7001,5248,5317,3375,2826,358,681,-857,-9,-466,-293,radiant,7264.0,6979.0,5991.0,5190.0,4643.0,5408.0,3443.0,3252.0,2496.0,2983.0
752,6804,6462,6828,4594,3820,6794,5711,6139,4190,2965,10,751,689,404,855,2709,radiant,6605.0,6807.0,6465.0,5591.0,6650.0,6209.0,4408.0,4019.0,3882.0,2838.0
753,5011,5060,3859,4367,2587,7298,5850,6508,3505,2916,-2287,-790,-2649,862,-329,-5193,dire,4913.0,7388.0,4928.0,5900.0,3907.0,6835.0,4396.0,3728.0,2732.0,2890.0
754,6116,8099,7625,2305,2867,7148,6575,3976,3296,3224,-1032,1524,3649,-991,-357,2793,dire,5538.0,7094.0,7630.0,6338.0,7647.0,4181.0,2254.0,3324.0,2894.0,3432.0
755,7230,6686,6670,3920,4183,5028,6115,5442,3377,2595,2202,571,1228,543,1588,6132,radiant,6964.0,4796.0,6882.0,6132.0,6667.0,5446.0,3811.0,3345.0,4434.0,2794.0
756,7393,6277,5344,4272,4387,6533,6821,5616,3740,3328,860,-544,-272,532,1059,1635,dire,7229.0,6414.0,6343.0,6816.0,5676.0,5665.0,4564.0,3925.0,4524.0,3159.0
757,7402,6468,6689,2701,3124,8682,6818,3585,4620,1979,-1280,-350,3104,-1919,1145,700,radiant,7138.0,8198.0,6419.0,6170.0,6468.0,3447.0,2329.0,4420.0,2696.0,1939.0
758,6608,7422,5618,3503,3857,6576,6253,6290,4052,3594,32,1169,-672,-549,263,243,dire,6473.0,6476.0,7262.0,5968.0,5081.0,6255.0,3510.0,3919.0,3674.0,3595.0
759,6912,6465,4279,2901,3206,6857,5947,5741,2956,2966,55,518,-1462,-55,240,-704,dire,6858.0,6522.0,6628.0,5713.0,4131.0,5415.0,2906.0,2961.0,3474.0,2953.0
760,6454,5350,5273,2984,2363,6821,6420,5465,4701,3407,-367,-1070,-192,-1717,-1044,-4390,radiant,6580.0,6019.0,5033.0,6274.0,5354.0,5070.0,3092.0,4287.0,2448.0,2984.0
761,6442,6378,5652,4319,2848,6619,7214,5947,2900,2751,-177,-836,-295,1419,97,208,dire,6393.0,6176.0,6487.0,7001.0,5468.0,5805.0,4603.0,2886.0,3097.0,2888.0
762,7069,6618,6427,3906,2699,6645,5094,6010,3332,2558,424,1524,417,574,141,3080,radiant,6904.0,6721.0,6802.0,5120.0,6697.0,5982.0,3834.0,3179.0,2915.0,2627.0
763,7781,5872,5858,2686,3142,7087,5793,4442,3233,2732,694,79,1416,-547,410,2052,dire,7715.0,6600.0,5945.0,5713.0,5923.0,4520.0,2784.0,3079.0,3358.0,2906.0
764,6527,6937,4137,3048,2660,6663,7231,6589,2341,2501,-136,-294,-2452,707,159,-2016,radiant,6490.0,6449.0,7206.0,7159.0,3950.0,6717.0,3220.0,2541.0,2903.0,2682.0
765,7582,5933,6549,4609,3560,6529,5511,5167,2405,2570,1053,422,1382,2204,990,6051,radiant,7320.0,6571.0,5820.0,5403.0,6185.0,5526.0,4284.0,2643.0,3372.0,2804.0
766,8469,5361,7570,3923,2500,6495,6852,7237,3444,3639,1974,-1491,333,479,-1139,156,dire,7727.0,6549.0,5022.0,6737.0,7340.0,7231.0,4027.0,3230.0,2480.0,3621.0
767,6808,6612,6539,3670,3592,7073,3979,5284,2675,2206,-265,2633,1255,995,1386,6004,dire,6801.0,6566.0,6588.0,4144.0,6624.0,5086.0,3722.0,2867.0,3339.0,2115.0
768,7760,6971,5665,4001,2691,7297,5880,5726,3750,1939,463,1091,-61,251,752,2496,dire,7659.0,7173.0,6916.0,5749.0,5341.0,5724.0,3802.0,3729.0,2571.0,1946.0
769,6501,6622,6940,3431,3024,6088,5250,5493,2996,3095,413,1372,1447,435,-71,3596,radiant,6312.0,5817.0,6615.0,5135.0,6458.0,5254.0,3353.0,2692.0,2971.0,2619.0
770,5687,6151,6028,3195,3471,5709,6145,4916,3159,2929,-22,6,1112,36,542,1674,dire,5219.0,5523.0,6206.0,5489.0,5901.0,4994.0,3066.0,3060.0,3380.0,2790.0
771,8055,6442,6147,3601,4038,5984,5925,5047,3025,2669,2071,517,1100,576,1369,5633,radiant,7928.0,5769.0,6086.0,6151.0,5839.0,5250.0,3643.0,2952.0,4246.0,2638.0
772,7771,6197,5456,3704,3489,5806,7308,5654,3584,3292,1965,-1111,-198,120,197,973,dire,7726.0,5442.0,6032.0,7114.0,5191.0,5692.0,3795.0,3654.0,3424.0,3446.0
773,8284,6376,5704,4996,3197,5371,4845,4339,3556,2353,2913,1531,1365,1440,844,8093,radiant,8137.0,5396.0,6321.0,5046.0,5684.0,3867.0,4965.0,3308.0,3300.0,2564.0
774,3596,3484,4199,2189,1792,8071,8073,4675,7334,3539,-4475,-4589,-476,-5145,-1747,-16432,dire,3855.0,7491.0,3698.0,7941.0,4508.0,4651.0,2322.0,7522.0,1991.0,3399.0
775,5318,4095,5769,3199,3050,6864,5537,5949,3585,4316,-1546,-1442,-180,-386,-1266,-4820,dire,5483.0,6481.0,4096.0,5677.0,6174.0,5800.0,3457.0,3780.0,3285.0,4402.0
776,6576,4426,6011,6979,4625,5640,6036,4616,2815,2032,936,-1610,1395,4164,2593,7478,radiant,6313.0,5329.0,4505.0,6313.0,5934.0,4927.0,6903.0,2852.0,4453.0,2232.0
777,6323,5506,6643,3162,2681,5637,7052,5027,2880,3457,686,-1546,1616,282,-776,262,radiant,6447.0,5549.0,5537.0,7147.0,6821.0,4856.0,3448.0,3068.0,2882.0,3680.0
778,5616,5061,5447,3753,2261,8602,5914,6310,3422,3616,-2986,-853,-863,331,-1355,-5726,dire,5585.0,8145.0,5171.0,5483.0,5766.0,6240.0,4064.0,3366.0,2497.0,3485.0
779,6327,6761,4580,3110,2427,5907,5019,4666,2504,2497,420,1742,-86,606,-70,2612,dire,6264.0,5839.0,6725.0,5122.0,4580.0,4752.0,3069.0,2669.0,2466.0,2704.0
780,7210,7259,5570,3657,3441,6223,6226,5727,3584,3339,987,1033,-157,73,102,2038,dire,6568.0,6469.0,6526.0,6398.0,5409.0,5540.0,3734.0,3877.0,3344.0,3589.0
781,6534,7090,5745,3296,3345,6139,4499,6032,3541,3366,395,2591,-287,-245,-21,2433,radiant,6409.0,6092.0,7461.0,4554.0,5911.0,6000.0,3414.0,3418.0,3650.0,3293.0
782,5975,6061,5764,2969,2744,7591,5926,6493,3682,3744,-1616,135,-729,-713,-1000,-3923,dire,6152.0,7313.0,6375.0,5709.0,5697.0,6167.0,2829.0,3658.0,2993.0,3251.0
783,5981,6344,5274,2514,2235,7551,7090,6302,3131,3026,-1570,-746,-1028,-617,-791,-4752,dire,5825.0,7291.0,6555.0,7032.0,5377.0,6420.0,2660.0,3246.0,2410.0,3167.0
784,7627,4892,5575,3528,3055,5238,6664,4402,4186,2419,2389,-1772,1173,-658,636,1768,radiant,7610.0,5228.0,4916.0,6507.0,5849.0,4425.0,3537.0,3750.0,3271.0,2472.0
785,5259,5078,5145,3860,2451,6407,6356,6049,3177,2718,-1148,-1278,-904,683,-267,-2914,dire,5326.0,6466.0,4934.0,6654.0,5276.0,5880.0,3814.0,3434.0,2474.0,2898.0
786,7918,6651,6863,3801,3309,7052,5328,5292,2881,2520,866,1323,1571,920,789,5469,radiant,7849.0,6803.0,6499.0,5297.0,7038.0,5540.0,3840.0,2877.0,3471.0,2696.0
787,8460,7257,5158,4279,3415,6259,4225,5622,3790,2601,2201,3032,-464,489,814,6072,dire,8505.0,6311.0,7294.0,4267.0,5074.0,5943.0,4317.0,3628.0,3537.0,2648.0
788,6798,6792,5200,5106,4917,7851,6842,4475,5549,2732,-1053,-50,725,-443,2185,1364,radiant,6447.0,7628.0,6370.0,7159.0,5044.0,4590.0,4854.0,5786.0,4748.0,2652.0
789,7460,6044,4823,2709,2507,6293,6683,8027,3047,2626,1167,-639,-3204,-338,-119,-3133,radiant,7250.0,5948.0,5941.0,6763.0,4988.0,7243.0,2664.0,2843.0,2409.0,2493.0
790,9258,8096,6671,4092,3164,6025,3646,4760,3895,3264,3233,4450,1911,197,-100,9691,radiant,8700.0,6212.0,8015.0,3557.0,6955.0,4808.0,4045.0,3919.0,2637.0,3364.0
791,5568,4931,5083,3453,4115,7317,6405,6038,3319,4471,-1749,-1474,-955,134,-356,-4400,radiant,5473.0,7388.0,4653.0,6155.0,4604.0,6191.0,3168.0,3474.0,4061.0,4438.0
792,4694,4993,3807,3487,1984,7810,6431,5636,3681,2834,-3116,-1438,-1829,-194,-850,-7427,dire,4805.0,7575.0,5029.0,6093.0,4025.0,5624.0,3370.0,3980.0,2083.0,3030.0
793,7020,4741,6625,3159,3344,6612,5582,5292,2869,2293,408,-841,1333,290,1051,2241,radiant,6642.0,6514.0,4692.0,5432.0,6299.0,5148.0,2955.0,2984.0,3371.0,2470.0
794,5581,4721,7040,4748,3885,5918,4872,4968,4020,3965,-337,-151,2072,728,-80,2232,radiant,5549.0,5614.0,4591.0,4948.0,6922.0,5072.0,4897.0,4346.0,3748.0,3920.0
795,4505,5037,3567,2772,2603,7199,7628,6886,5484,3431,-2694,-2591,-3319,-2712,-828,-12144,dire,4772.0,6916.0,5172.0,7488.0,3551.0,6462.0,3020.0,5278.0,2858.0,3373.0
796,6853,7148,6365,4138,3429,5840,4745,5001,2953,2405,1013,2403,1364,1185,1024,6989,radiant,6936.0,5756.0,7504.0,4283.0,6291.0,4917.0,4011.0,2998.0,3648.0,2381.0
797,6985,5343,5507,3348,3118,5648,5238,5433,2584,2500,1337,105,74,764,618,2898,radiant,6678.0,5452.0,5264.0,5080.0,5639.0,5524.0,3537.0,2814.0,3170.0,2520.0
798,7162,6064,4314,4240,5239,6733,6334,5929,3025,2293,429,-270,-1615,1215,2946,2705,radiant,6907.0,6685.0,5851.0,6491.0,4057.0,5945.0,4083.0,3287.0,4962.0,2485.0
799,5451,6098,6435,3912,3574,6169,5275,5147,2771,3083,-718,823,1288,1141,491,3025,dire,5110.0,6283.0,6105.0,5300.0,6347.0,5166.0,3866.0,2855.0,3781.0,3186.0
800,5433,7609,4350,2838,2643,6836,5797,3864,6320,4085,-1403,1812,486,-3482,-1442,-4029,dire,5020.0,7080.0,7157.0,5862.0,4003.0,3966.0,2871.0,6482.0,2636.0,4341.0
801,4912,7669,5687,3506,2878,6414,5475,4801,3308,3139,-1502,2194,886,198,-261,1515,radiant,4890.0,6584.0,7843.0,5359.0,5835.0,4664.0,3326.0,3545.0,2953.0,3311.0
802,7031,6159,5859,3498,2686,7079,5421,6471,2819,2226,-48,738,-612,679,460,1217,radiant,7211.0,7129.0,6213.0,5318.0,5602.0,6438.0,3466.0,2887.0,2751.0,2216.0
803,5806,6626,5722,2725,2800,6833,6448,6504,4000,3253,-1027,178,-782,-1275,-453,-3359,dire,5899.0,6578.0,6433.0,6411.0,5903.0,6095.0,2968.0,4214.0,3066.0,3376.0
804,7176,5347,5137,2661,2748,7849,6441,4044,3199,2798,-673,-1094,1093,-538,-50,-1262,radiant,7186.0,7079.0,5512.0,6252.0,5366.0,3892.0,2829.0,3051.0,3014.0,2802.0
805,7002,5651,6053,2429,2625,6655,6469,5883,2514,2898,347,-818,170,-85,-273,-659,radiant,6740.0,6445.0,5385.0,6202.0,6211.0,5826.0,2395.0,2220.0,2647.0,2552.0
806,7009,5878,5543,4087,3733,7043,5291,5077,3012,2158,-34,587,466,1075,1575,3669,radiant,6322.0,6398.0,5684.0,5380.0,5614.0,5296.0,3897.0,2752.0,3476.0,2335.0
807,7716,5365,4374,3384,2366,6088,5780,6107,4230,4157,1628,-415,-1733,-846,-1791,-3157,radiant,7534.0,6034.0,5377.0,5699.0,4481.0,5920.0,3480.0,4349.0,2496.0,4351.0
808,7286,6588,4728,3057,2137,7477,6559,5724,4633,3338,-191,29,-996,-1576,-1201,-3935,dire,7147.0,7295.0,6943.0,6022.0,5032.0,5173.0,3282.0,4723.0,2353.0,3159.0
809,5946,7063,5183,4602,2578,6161,5864,4948,2958,2817,-215,1199,235,1644,-239,2624,radiant,5737.0,5942.0,6833.0,5900.0,5292.0,5058.0,4606.0,2916.0,2619.0,2914.0
810,6435,6529,5686,3198,3332,5983,5970,5509,3948,3283,452,559,177,-750,49,487,radiant,6361.0,6137.0,6283.0,5811.0,5699.0,5224.0,3364.0,4108.0,3560.0,3518.0
811,7134,7053,4063,4657,3954,5850,4989,5593,4977,4029,1284,2064,-1530,-320,-75,1423,radiant,7011.0,5494.0,6644.0,5062.0,3867.0,5715.0,4697.0,4886.0,3909.0,4258.0
812,6565,6287,6857,4252,3706,7465,5775,5117,2818,3079,-900,512,1740,1434,627,3413,dire,6503.0,7445.0,6678.0,5608.0,6739.0,5186.0,4215.0,2940.0,3945.0,3031.0
813,5523,5908,6247,3944,4067,5919,5613,5370,2634,3033,-396,295,877,1310,1034,3120,dire,5532.0,5339.0,6014.0,5248.0,6251.0,5066.0,4031.0,2642.0,4234.0,3086.0
814,5929,4922,6209,3078,1821,6082,5528,5690,4131,2846,-153,-606,519,-1053,-1025,-2318,dire,5788.0,5957.0,4821.0,5509.0,5882.0,5531.0,3226.0,4059.0,1986.0,2935.0
815,5719,5979,5604,2750,2248,7233,6336,3075,5298,3929,-1514,-357,2529,-2548,-1681,-3571,radiant,5716.0,7249.0,5654.0,6143.0,5701.0,3208.0,2896.0,5579.0,2448.0,3846.0
816,7038,5772,5919,3525,2966,7358,7710,5736,2400,3339,-320,-1938,183,1125,-373,-1323,radiant,6849.0,7409.0,5849.0,7521.0,5854.0,5607.0,3787.0,2447.0,3048.0,3402.0
817,4771,4676,4370,2284,2036,7038,6264,4602,3326,2422,-2267,-1588,-232,-1042,-386,-5515,dire,4940.0,7061.0,4858.0,6208.0,4431.0,4643.0,2510.0,3623.0,2217.0,2369.0
818,6434,5894,6304,2613,2633,5534,7361,6221,3701,3519,900,-1467,83,-1088,-886,-2458,dire,6318.0,5447.0,5890.0,7330.0,6395.0,6123.0,2627.0,3737.0,2805.0,3652.0
819,7057,7643,6194,3585,3214,5757,5151,6370,4517,2557,1300,2492,-176,-932,657,3341,radiant,6966.0,5711.0,7585.0,5005.0,6284.0,6477.0,3710.0,4521.0,3249.0,2786.0
820,7581,6238,5453,2087,3320,8118,6334,5267,3038,3117,-537,-96,186,-951,203,-1195,dire,7480.0,8142.0,6233.0,6169.0,5297.0,5142.0,2300.0,3002.0,3286.0,3089.0
821,7335,7584,6059,3323,1923,6426,6210,6309,3271,2756,909,1374,-250,52,-833,1252,radiant,7439.0,6347.0,7470.0,6004.0,6017.0,5812.0,3237.0,3328.0,2139.0,2986.0
822,8192,6920,6984,3111,2128,8004,6192,6341,5194,2139,188,728,643,-2083,-11,-535,dire,7687.0,7695.0,6672.0,6080.0,6353.0,6609.0,2607.0,5247.0,1985.0,2355.0
823,9699,5585,5766,5151,4417,5123,5029,4561,6394,3249,4576,556,1205,-1243,1168,6262,dire,9239.0,5121.0,5819.0,4987.0,5646.0,4039.0,5106.0,6164.0,4256.0,3244.0
824,5958,5199,5409,3495,2859,5141,4601,4886,2808,2388,817,598,523,687,471,3096,radiant,6054.0,5259.0,5172.0,4519.0,5391.0,4954.0,3709.0,2778.0,3015.0,2484.0
825,6864,5605,6509,3456,2688,7520,5990,6298,2772,2766,-656,-385,211,684,-78,-224,radiant,6539.0,7141.0,5581.0,5823.0,6392.0,5890.0,3575.0,2810.0,2834.0,2753.0
826,4792,6489,5829,3087,2729,5831,4915,6434,2959,2849,-1039,1574,-605,128,-120,-62,dire,4675.0,6157.0,6361.0,4747.0,5880.0,6678.0,2796.0,3042.0,2575.0,3110.0
827,6095,4549,6183,2731,2885,6625,5415,6565,3800,3058,-530,-866,-382,-1069,-173,-3020,dire,6012.0,6470.0,4758.0,5421.0,6540.0,6630.0,2978.0,3844.0,2906.0,2980.0
828,7112,6738,5541,3984,2623,7573,6405,5374,3298,2968,-461,333,167,686,-345,380,dire,6989.0,6999.0,6704.0,6286.0,5333.0,5373.0,3748.0,3394.0,2756.0,3133.0
829,8010,6847,6909,4255,3707,5411,5283,4856,3006,2088,2599,1564,2053,1249,1619,9084,radiant,8207.0,5372.0,6700.0,5140.0,6617.0,4840.0,3728.0,2960.0,3796.0,2211.0
830,5809,6563,3876,5593,2940,6321,5961,5264,3499,3870,-512,602,-1388,2094,-930,-134,radiant,5830.0,6178.0,6525.0,5862.0,3868.0,5107.0,5797.0,3357.0,3185.0,3865.0
831,5650,5953,4770,2981,2083,6463,5726,5032,3511,2497,-813,227,-262,-530,-414,-1792,dire,5440.0,6485.0,6010.0,5883.0,5078.0,4798.0,3121.0,3440.0,2131.0,2621.0
832,6713,5458,3195,5070,3186,7238,5732,6292,3815,3546,-525,-274,-3097,1255,-360,-3001,dire,6672.0,7095.0,5480.0,5325.0,3256.0,6297.0,4762.0,3445.0,3235.0,3277.0
833,7125,6315,6761,4134,2774,5051,4207,3968,3850,3451,2074,2108,2793,284,-677,6582,radiant,6981.0,5194.0,6218.0,2739.0,6879.0,3595.0,3761.0,3661.0,3024.0,2815.0
834,6672,5298,5245,2828,2136,8701,8709,5098,1971,2548,-2029,-3411,147,857,-412,-4848,dire,6425.0,8507.0,5553.0,8271.0,5415.0,4866.0,2912.0,2123.0,2213.0,2735.0
835,6934,5976,6495,3646,4231,6766,7931,5840,4314,2792,168,-1955,655,-668,1439,-361,radiant,5805.0,6921.0,5349.0,8416.0,6150.0,5624.0,3657.0,4399.0,3539.0,3046.0
836,7149,7239,5254,3932,3258,7521,5702,5109,3755,3156,-372,1537,145,177,102,1589,dire,6832.0,7356.0,6419.0,5689.0,5244.0,5418.0,3796.0,3973.0,3337.0,3313.0
837,4936,7229,5713,3312,3078,6381,7877,5392,4158,2885,-1445,-648,321,-846,193,-2425,dire,4827.0,6125.0,6965.0,7937.0,5584.0,5178.0,3553.0,4070.0,3086.0,2771.0
838,6959,7192,5727,5192,3958,7150,5676,5014,4442,3275,-191,1516,713,750,683,3471,dire,6848.0,6968.0,7213.0,5487.0,5493.0,5268.0,5198.0,4702.0,3781.0,3489.0
839,6097,5889,4675,2990,2891,7299,6562,6266,3145,3240,-1202,-673,-1591,-155,-349,-3970,dire,5922.0,6863.0,5846.0,6533.0,4677.0,6178.0,3051.0,3208.0,3017.0,3273.0
840,8728,6568,6652,3057,2807,7332,7245,5919,3525,2364,1396,-677,733,-468,443,1427,dire,8559.0,7186.0,6705.0,6651.0,6538.0,6100.0,3168.0,3363.0,3026.0,2353.0
841,6625,6126,6383,3899,4280,5387,5862,5870,2735,2924,1238,264,513,1164,1356,4535,dire,6379.0,5314.0,5971.0,5338.0,6397.0,5523.0,3914.0,2720.0,4386.0,3023.0
842,6668,5790,7022,3737,3874,5844,5848,5180,3499,3034,824,-58,1842,238,840,3686,radiant,6623.0,5643.0,5912.0,5619.0,6992.0,5377.0,3749.0,3785.0,3823.0,3192.0
843,6377,6664,5433,2724,2617,6259,5607,6285,4524,3033,118,1057,-852,-1800,-416,-1893,dire,6229.0,6069.0,6689.0,5583.0,5508.0,6208.0,2930.0,4740.0,2813.0,3148.0
844,7223,5564,6807,3313,2818,7039,5771,5872,3208,4017,184,-207,935,105,-1199,-182,dire,6954.0,6861.0,5404.0,5510.0,6503.0,5883.0,3199.0,3478.0,2890.0,3953.0
845,6141,7076,6123,3573,3298,10294,6392,5495,3627,2965,-4153,684,628,-54,333,-2562,dire,5964.0,9184.0,7400.0,6118.0,6297.0,5138.0,3671.0,3476.0,3254.0,2955.0
846,7088,6142,5479,3495,2446,6349,5535,4786,2898,2975,739,607,693,597,-529,2107,radiant,6630.0,6131.0,6291.0,5460.0,5633.0,4597.0,3326.0,3027.0,2656.0,3108.0
847,5868,6167,5440,2946,4009,8387,4717,5906,4108,3250,-2519,1450,-466,-1162,759,-1938,dire,5934.0,7920.0,6361.0,4505.0,5294.0,5689.0,3074.0,3885.0,4276.0,3163.0
848,7504,6633,5073,3443,2248,6851,5884,4689,2977,3412,653,749,384,466,-1164,1088,radiant,7236.0,6840.0,6586.0,5799.0,4881.0,4678.0,3306.0,3082.0,2378.0,3438.0
849,8606,8228,6703,3017,3914,5490,4704,4882,3343,2672,3116,3524,1821,-326,1242,9377,radiant,8540.0,5373.0,7991.0,4841.0,6499.0,5107.0,3148.0,3538.0,3593.0,2919.0
850,7329,7573,5902,4046,4004,5877,4892,5104,3530,2273,1452,2681,798,516,1731,7178,radiant,6871.0,6008.0,7591.0,5006.0,5834.0,4974.0,4069.0,3648.0,4042.0,2483.0
851,5301,4313,5018,2964,2530,6541,6049,6918,3516,3434,-1240,-1736,-1900,-552,-904,-6332,dire,5313.0,6453.0,4225.0,5452.0,4933.0,7001.0,2900.0,3550.0,2214.0,3483.0
852,5870,5401,3632,2392,2544,7043,7734,5400,3915,2877,-1173,-2333,-1768,-1523,-333,-7130,dire,5941.0,7073.0,5354.0,7636.0,3861.0,5215.0,2615.0,3491.0,2560.0,2892.0
853,6472,5975,6408,3260,2656,7330,6048,5350,4282,3745,-858,-73,1058,-1022,-1089,-1984,dire,6570.0,7241.0,5910.0,5872.0,6210.0,5162.0,3512.0,4078.0,2855.0,3706.0
854,6223,5869,6124,3337,3265,7137,7254,5972,3718,3291,-914,-1385,152,-381,-26,-2554,radiant,5766.0,6741.0,5908.0,6975.0,6083.0,5563.0,3264.0,3599.0,2917.0,2937.0
855,6318,5774,6715,3380,2518,6841,7380,3942,5264,3479,-523,-1606,2773,-1884,-961,-2201,dire,5567.0,6493.0,5435.0,7214.0,6722.0,4080.0,3576.0,5249.0,2662.0,3540.0
856,7013,6651,6315,2365,2322,7444,8093,5677,3295,2860,-431,-1442,638,-930,-538,-2703,dire,6863.0,6983.0,6459.0,7445.0,6376.0,5428.0,2360.0,2805.0,2456.0,2384.0
857,6383,7082,4931,2404,2611,5969,6367,6683,3194,2974,414,715,-1752,-790,-363,-1776,dire,5833.0,6024.0,6457.0,6445.0,4483.0,6643.0,2361.0,3205.0,2420.0,3236.0
858,5548,5913,5464,2151,2783,6056,6929,6475,4405,2928,-508,-1016,-1011,-2254,-145,-4934,dire,5398.0,5833.0,5809.0,6734.0,5245.0,6508.0,2363.0,4191.0,2926.0,3034.0
859,5954,6064,6089,3475,2491,7859,6512,6420,4064,3081,-1905,-448,-331,-589,-590,-3863,dire,5938.0,7294.0,6282.0,6338.0,5922.0,6340.0,3450.0,3950.0,2470.0,3242.0
860,7688,7027,5407,4367,3329,7194,6711,6717,3302,2451,494,316,-1310,1065,878,1443,radiant,7682.0,7108.0,7066.0,6389.0,5239.0,6211.0,4465.0,3370.0,3457.0,2303.0
861,10463,6781,6539,2197,2524,8229,6878,6136,2204,2126,2234,-97,403,-7,398,2931,radiant,10097.0,7999.0,6847.0,6034.0,6617.0,5898.0,2277.0,2059.0,2592.0,2334.0
862,10083,8266,3798,3274,1907,7619,6715,6140,3293,2063,2464,1551,-2342,-19,-156,1498,radiant,10067.0,7359.0,8190.0,6535.0,3637.0,5976.0,3485.0,3077.0,2108.0,2104.0
863,6060,6467,6567,3375,2278,6455,4976,5538,3030,2266,-395,1491,1029,345,12,2482,radiant,5930.0,6338.0,6213.0,5147.0,6388.0,5824.0,3307.0,3001.0,2489.0,2381.0
864,7011,5829,6848,3562,3125,6526,5996,4721,2984,2736,485,-167,2127,578,389,3412,radiant,6660.0,6275.0,5635.0,5848.0,6638.0,4841.0,3637.0,2823.0,3221.0,2828.0
865,6566,7271,6590,3658,3383,6014,6796,5483,3394,2984,552,475,1107,264,399,2797,dire,6589.0,5844.0,6961.0,6581.0,6718.0,5734.0,3629.0,3645.0,3278.0,2780.0
866,6546,4560,6076,3393,2815,6255,5229,6667,5171,2479,291,-669,-591,-1778,336,-2411,dire,6224.0,5924.0,4574.0,5084.0,5993.0,6617.0,3061.0,4981.0,2900.0,2652.0
867,6627,6743,5719,3214,3078,5522,6174,3393,4713,2219,1105,569,2326,-1499,859,3360,radiant,6586.0,5535.0,6481.0,6071.0,5562.0,3595.0,3264.0,4678.0,3272.0,2344.0
868,6961,6108,5573,3367,3334,6843,5676,6030,3266,3239,118,432,-457,101,95,289,dire,7010.0,6351.0,6491.0,5015.0,5896.0,5850.0,3528.0,3158.0,3616.0,2861.0
869,5821,3765,5502,4764,3332,6546,5631,5445,3861,3907,-725,-1866,57,903,-575,-2206,dire,5704.0,6042.0,3706.0,5724.0,5372.0,5537.0,4825.0,3911.0,3227.0,3525.0
870,9124,7830,6351,4799,2723,5878,6446,4394,4921,3364,3246,1384,1957,-122,-641,5824,dire,9276.0,5564.0,7361.0,6474.0,5809.0,4180.0,4467.0,4340.0,2795.0,3320.0
871,7455,7066,6540,5213,5139,6029,5059,4391,3206,2435,1426,2007,2149,2007,2704,10293,radiant,7345.0,6208.0,6894.0,4860.0,6283.0,4514.0,5341.0,3365.0,5136.0,2585.0
872,5641,5972,4948,2261,3388,6810,6865,5958,4414,3936,-1169,-893,-1010,-2153,-548,-5773,dire,5476.0,6977.0,5749.0,6576.0,5300.0,5959.0,2299.0,4535.0,3484.0,4002.0
873,5872,5740,5373,2437,1806,6670,7544,5914,4144,2696,-798,-1804,-541,-1707,-890,-5740,dire,5753.0,6876.0,5787.0,7544.0,5263.0,5763.0,2582.0,3965.0,2014.0,2837.0
874,7147,7001,4984,5176,3208,7389,6179,7616,3509,4260,-242,822,-2632,1667,-1052,-1437,dire,6896.0,6871.0,6815.0,5867.0,4962.0,7357.0,4916.0,3347.0,3259.0,4288.0
875,4566,6803,5883,3404,3178,6186,6049,6228,2598,3141,-1620,754,-345,806,37,-368,dire,4349.0,6110.0,6727.0,5888.0,5726.0,6245.0,3611.0,2730.0,3329.0,3272.0
876,6566,6409,5842,2893,3250,6792,6341,5954,4311,2227,-226,68,-112,-1418,1023,-665,radiant,6592.0,6513.0,6166.0,6139.0,5921.0,5942.0,2958.0,4292.0,2695.0,2256.0
877,7289,7788,5732,3811,3390,5865,5348,4358,2390,2214,1424,2440,1374,1421,1176,7835,radiant,7228.0,5532.0,8032.0,5253.0,5987.0,4557.0,3853.0,2432.0,3553.0,2306.0
878,6297,5279,5696,3115,2889,6788,4688,4616,5177,3875,-491,591,1080,-2062,-986,-1868,dire,6618.0,6699.0,5275.0,4585.0,5596.0,4607.0,3151.0,5332.0,3142.0,3919.0
879,8191,6692,6218,3965,4214,5387,4182,4965,3449,3095,2804,2510,1253,516,1119,8202,radiant,8012.0,5412.0,6589.0,4401.0,5681.0,5039.0,4004.0,3668.0,3952.0,3311.0
880,8421,5356,8238,4171,3693,5900,6574,5479,3044,2891,2521,-1218,2759,1127,802,5991,radiant,8593.0,5789.0,5288.0,6857.0,8330.0,5663.0,4331.0,2963.0,3941.0,2965.0
881,6592,6359,5953,4180,4040,6978,5471,6344,3063,2365,-386,888,-391,1117,1675,2903,dire,6586.0,6607.0,6112.0,5350.0,5727.0,6310.0,3878.0,3228.0,4087.0,2533.0
882,6934,6230,4711,3319,2801,7124,6756,6068,3970,2938,-190,-526,-1357,-651,-137,-2861,radiant,6691.0,7042.0,6220.0,6611.0,4525.0,6253.0,3412.0,4188.0,2906.0,2824.0
883,6444,7112,7077,3859,3800,5117,6150,4145,5252,3442,1327,962,2932,-1393,358,4186,dire,6424.0,5028.0,7090.0,6027.0,7014.0,4292.0,3819.0,5556.0,3920.0,3746.0
884,5936,6895,6162,4809,3265,5740,5176,6200,2982,3019,196,1719,-38,1827,246,3950,radiant,5649.0,5781.0,6775.0,5279.0,5954.0,5884.0,4945.0,3182.0,3161.0,3095.0
885,3903,2486,2418,2068,1581,9974,7912,7688,5582,4518,-6071,-5426,-5270,-3514,-2937,-23218,dire,4058.0,9161.0,2676.0,7638.0,2647.0,7176.0,2273.0,4972.0,1766.0,4056.0
886,6712,4999,5181,3238,3131,5601,4133,4914,3357,2580,1111,866,267,-119,551,2676,radiant,6625.0,5230.0,4610.0,3848.0,4827.0,4873.0,2616.0,3254.0,2966.0,2470.0
887,6610,4502,5269,3691,2631,6616,7804,5625,4227,3415,-6,-3302,-356,-536,-784,-4984,dire,6933.0,6549.0,4399.0,7359.0,5067.0,5989.0,3823.0,4268.0,2404.0,3315.0
888,5140,4304,3590,3284,2403,7003,6953,3969,3186,2854,-1863,-2649,-379,98,-451,-5244,dire,5352.0,6785.0,4596.0,6485.0,3648.0,3843.0,3589.0,3311.0,2584.0,2694.0
889,5765,5386,5476,2873,3491,6543,5978,6514,4006,3360,-778,-592,-1038,-1133,131,-3410,dire,5684.0,6776.0,5382.0,5797.0,5564.0,6210.0,2962.0,4198.0,3412.0,3563.0
890,4507,5697,4556,2377,2523,6611,3836,3975,3144,2057,-2104,1861,581,-767,466,37,dire,4348.0,6341.0,5201.0,4102.0,3872.0,4174.0,1959.0,3283.0,2382.0,2265.0
891,5573,4004,6463,3078,2633,6130,5699,8076,3077,3229,-557,-1695,-1613,1,-596,-4460,dire,5490.0,6235.0,3875.0,5549.0,5940.0,7571.0,3052.0,3037.0,2685.0,3214.0
892,3784,3969,3955,2854,2462,6566,7311,6095,3915,4225,-2782,-3342,-2140,-1061,-1763,-11088,dire,3933.0,6270.0,4030.0,7535.0,4022.0,6247.0,3038.0,3804.0,2672.0,4330.0
893,7177,6842,5759,5998,5210,6420,5469,5139,3910,4200,757,1373,620,2088,1010,5848,radiant,7166.0,6632.0,6295.0,4987.0,5967.0,5126.0,6026.0,3955.0,4854.0,3573.0
894,9434,7587,5642,4740,3797,4912,5282,3677,3497,3492,4522,2305,1965,1243,305,10340,radiant,9136.0,4625.0,7439.0,5286.0,5587.0,3549.0,4669.0,3690.0,3711.0,3232.0
895,6131,4030,4819,2529,2829,6373,6102,7415,3481,3404,-242,-2072,-2596,-952,-575,-6437,dire,5962.0,6096.0,4019.0,6325.0,5057.0,7387.0,2748.0,3174.0,3104.0,3166.0
896,6221,6825,5223,3475,3750,7547,6021,6420,4915,2950,-1326,804,-1197,-1440,800,-2359,dire,5730.0,7454.0,6682.0,5779.0,5007.0,6574.0,3150.0,4888.0,3729.0,3123.0
897,6973,7458,2757,5567,2525,6118,5537,6504,2846,3155,855,1921,-3747,2721,-630,1120,dire,6998.0,5893.0,7346.0,5548.0,2985.0,6398.0,5460.0,2959.0,2715.0,2871.0
898,7371,6035,5824,4140,4162,6154,5440,6253,2915,2877,1217,595,-429,1225,1285,3893,radiant,6905.0,6418.0,5938.0,5456.0,5463.0,6221.0,4025.0,3167.0,4057.0,3140.0
899,8729,5515,4155,2289,2649,7979,6587,7300,3545,3438,750,-1072,-3145,-1256,-789,-5512,radiant,8616.0,7486.0,5201.0,6722.0,4183.0,7099.0,2323.0,3777.0,2799.0,3567.0
900,5201,5618,5782,3125,2524,7215,5953,5603,3702,3427,-2014,-335,179,-577,-903,-3650,dire,5171.0,7058.0,5222.0,5938.0,5601.0,5663.0,3153.0,3757.0,2531.0,3546.0
901,7017,7186,7020,3256,2809,4341,5415,4473,3119,2425,2676,1771,2547,137,384,7515,radiant,6843.0,4295.0,7061.0,5442.0,6846.0,4635.0,3292.0,3378.0,2843.0,2597.0
902,7283,7148,5189,3916,2944,6899,6228,4830,3304,2671,384,920,359,612,273,2548,radiant,6910.0,6117.0,7219.0,6264.0,5158.0,4900.0,3891.0,3470.0,3072.0,2643.0
903,6651,5466,4443,3970,3234,8243,6235,6251,4215,4130,-1592,-769,-1808,-245,-896,-5310,dire,6449.0,8003.0,5660.0,6117.0,4360.0,6121.0,3786.0,4129.0,2909.0,4153.0
904,7823,6053,6482,3232,2706,6742,5672,6412,2982,2788,1081,381,70,250,-82,1700,radiant,7644.0,6137.0,6079.0,5439.0,6285.0,6065.0,3333.0,2835.0,2841.0,2810.0
905,8201,7115,6665,3222,3406,8510,6127,5629,3158,1995,-309,988,1036,64,1411,3190,dire,8105.0,8414.0,7167.0,5815.0,6747.0,5434.0,3262.0,3267.0,3625.0,2093.0
906,5660,7016,5081,3155,2813,6895,6935,5758,3470,3057,-1235,81,-677,-315,-244,-2390,dire,5693.0,6417.0,6856.0,7036.0,4761.0,5513.0,3082.0,3495.0,2882.0,3015.0
907,6109,7052,6436,3492,2696,4582,5225,5998,2717,2795,1527,1827,438,775,-99,4468,dire,5957.0,4304.0,6874.0,5305.0,6307.0,5964.0,3446.0,2733.0,2813.0,2903.0
908,5115,5864,3433,6142,2633,5841,5515,5588,2484,3158,-726,349,-2155,3658,-525,601,radiant,5213.0,5899.0,6066.0,5534.0,3464.0,5489.0,6365.0,2658.0,2650.0,3090.0
909,7416,7868,6139,4520,3992,4856,4426,3996,3454,3656,2560,3442,2143,1066,336,9547,radiant,6899.0,4804.0,7739.0,4389.0,5808.0,4088.0,4581.0,3544.0,3944.0,3811.0
910,6887,5751,5868,4442,2832,6240,6567,5192,2842,3125,647,-816,676,1600,-293,1814,radiant,7214.0,6021.0,5621.0,6225.0,5967.0,5117.0,4552.0,2801.0,2958.0,3373.0
911,8236,6602,5686,3695,2775,5645,5152,5547,3297,2446,2591,1450,139,398,329,4907,dire,8311.0,5343.0,6407.0,5399.0,5734.0,5541.0,3756.0,3470.0,2818.0,2347.0
912,6759,6626,6272,3170,2313,7967,4950,5176,2833,2356,-1208,1676,1096,337,-43,1858,dire,6689.0,7724.0,6691.0,4965.0,5996.0,5480.0,3049.0,3031.0,2541.0,2531.0
913,6802,7681,5022,4577,3809,6706,6597,5540,4591,2994,96,1084,-518,-14,815,1463,radiant,6506.0,6625.0,7634.0,6579.0,5059.0,5061.0,4275.0,4770.0,3567.0,3041.0
914,6716,6635,8460,2755,3248,6661,6779,7390,4255,2631,55,-144,1070,-1500,617,98,dire,6495.0,6138.0,6143.0,6424.0,7975.0,7488.0,2801.0,4244.0,2905.0,2633.0
915,6797,5946,6843,2736,3514,5380,6627,6052,2532,2242,1417,-681,791,204,1272,3003,dire,6694.0,5230.0,6045.0,6586.0,6976.0,6170.0,2927.0,2651.0,3429.0,2411.0
916,6571,5383,6425,2630,2395,5749,6374,5084,3507,3278,822,-991,1341,-877,-883,-588,dire,6527.0,5627.0,5422.0,6269.0,6400.0,5145.0,2856.0,3389.0,2574.0,3322.0
917,6501,5982,3851,3308,2209,6972,6641,5481,3108,2776,-471,-659,-1630,200,-567,-3127,dire,6313.0,6440.0,5729.0,6405.0,3695.0,5057.0,3327.0,2942.0,2202.0,2670.0
918,6261,6541,5976,2880,2934,6575,5630,5730,2725,2484,-314,911,246,155,450,1448,radiant,6094.0,6379.0,6334.0,5568.0,5750.0,5662.0,2988.0,2576.0,2975.0,2437.0
919,6812,4780,4742,4445,2637,5461,5168,5713,3442,2755,1351,-388,-971,1003,-118,877,dire,6724.0,5337.0,4810.0,4845.0,4741.0,5411.0,4581.0,3490.0,2729.0,2771.0
920,6060,6524,6448,3501,2539,6055,5725,6350,3809,2995,5,799,98,-308,-456,138,dire,6142.0,6025.0,6618.0,5830.0,6420.0,5996.0,3489.0,3978.0,2507.0,3022.0
921,7756,6049,5584,3669,2998,7612,5718,6244,3241,2677,144,331,-660,428,321,564,dire,7397.0,7450.0,5833.0,5934.0,5483.0,6451.0,3615.0,3256.0,2704.0,2753.0
922,5699,7138,6146,4393,4174,6568,5610,5839,5456,3807,-869,1528,307,-1063,367,270,radiant,5862.0,6319.0,7638.0,5468.0,6128.0,5885.0,4342.0,5826.0,3911.0,4032.0
923,5308,5227,5935,3022,2816,6985,6718,5578,4132,3082,-1677,-1491,357,-1110,-266,-4187,radiant,5110.0,6781.0,5078.0,6702.0,5901.0,5663.0,3172.0,4119.0,2942.0,3186.0
924,6371,4790,4129,2430,2253,6528,7052,7291,4303,3688,-157,-2262,-3162,-1873,-1435,-8889,dire,6197.0,6524.0,4934.0,6934.0,4204.0,7018.0,2606.0,4476.0,2409.0,3643.0
925,8639,7318,5984,3424,2396,7322,8329,4424,2256,2179,1317,-1011,1560,1168,217,3251,radiant,8088.0,7076.0,7133.0,8393.0,5453.0,4684.0,3325.0,2418.0,2043.0,2395.0
926,8821,6934,7217,3936,3340,8628,6808,5733,4328,2503,193,126,1484,-392,837,2248,dire,8332.0,8441.0,7221.0,7006.0,7223.0,5833.0,3962.0,4253.0,3185.0,2714.0
927,7607,6787,5534,3393,2525,6977,7315,6178,2419,2593,630,-528,-644,974,-68,364,radiant,7093.0,6598.0,6402.0,7059.0,5641.0,6096.0,3217.0,2377.0,2405.0,2533.0
928,6036,6702,6592,3436,2742,7801,7400,6289,3607,2360,-1765,-698,303,-171,382,-1949,radiant,5809.0,7663.0,6451.0,7165.0,6624.0,5849.0,3456.0,3585.0,2740.0,2436.0
929,5783,5829,5577,4014,2693,7028,6651,5858,3329,3477,-1245,-822,-281,685,-784,-2447,dire,5623.0,6980.0,5572.0,6463.0,5586.0,6030.0,3886.0,3442.0,2689.0,3683.0
930,6985,5386,3324,5007,4020,7275,6011,6519,3774,2859,-290,-625,-3195,1233,1161,-1716,dire,6490.0,6622.0,5559.0,5457.0,3290.0,6809.0,4657.0,3830.0,3945.0,2446.0
931,7068,6057,5603,2660,2638,7088,6298,6181,2890,3740,-20,-241,-578,-230,-1102,-2171,dire,7175.0,7027.0,5866.0,6014.0,5360.0,6350.0,2846.0,2881.0,2773.0,3752.0
932,5535,6045,6690,3280,3621,7313,6179,4062,5741,4160,-1778,-134,2628,-2461,-539,-2284,radiant,5471.0,7181.0,5816.0,6376.0,6210.0,4054.0,3408.0,5651.0,3112.0,4148.0
933,6648,5052,5099,3637,4096,5520,5577,4957,4138,2635,1128,-525,142,-501,1461,1705,dire,6720.0,5289.0,5025.0,5745.0,4981.0,4999.0,3712.0,3548.0,4030.0,2600.0
934,5466,5974,6901,4556,3477,7090,4723,5446,3365,3260,-1624,1251,1455,1191,217,2490,dire,5280.0,6394.0,6134.0,4765.0,6692.0,5654.0,4815.0,3384.0,3604.0,3321.0
935,8572,4821,3554,7013,3605,6924,5786,7061,4716,4182,1648,-965,-3507,2297,-577,-1104,radiant,8499.0,6088.0,4869.0,5873.0,3217.0,6978.0,7297.0,4385.0,3755.0,3566.0
936,6206,5548,5282,3521,3591,5777,7087,4900,3419,2623,429,-1539,382,102,968,342,radiant,6046.0,5415.0,5462.0,7288.0,4886.0,4988.0,3496.0,3407.0,3461.0,2701.0
937,6095,4615,5140,2802,2822,6316,6424,5476,3277,3606,-221,-1809,-336,-475,-784,-3625,dire,5834.0,6310.0,4737.0,6189.0,4779.0,5347.0,2972.0,3460.0,2896.0,3457.0
938,5492,5190,4876,4144,2561,8608,8425,7705,5740,4394,-3116,-3235,-2829,-1596,-1833,-12609,dire,5413.0,8570.0,5343.0,8618.0,4683.0,7752.0,4472.0,6041.0,2811.0,4536.0
939,6774,6531,6871,3582,2461,7259,6520,6321,3023,2568,-485,11,550,559,-107,528,dire,6902.0,6991.0,6333.0,6707.0,6613.0,6319.0,3891.0,2725.0,2487.0,2458.0
940,7724,6212,7101,3104,3675,7002,7876,5133,4504,2366,722,-1664,1968,-1400,1309,935,dire,7561.0,6974.0,6475.0,7407.0,7001.0,4883.0,2949.0,4822.0,3830.0,2571.0
941,6616,6861,4531,3019,3010,7254,7397,6878,3497,3089,-638,-536,-2347,-478,-79,-4078,dire,6279.0,6938.0,6896.0,7205.0,4716.0,6675.0,3308.0,3195.0,3220.0,3150.0
942,6755,4716,3761,3057,2264,9843,8202,8270,5123,3962,-3088,-3486,-4509,-2066,-1698,-14847,dire,7048.0,9039.0,4939.0,7808.0,3820.0,8276.0,3222.0,5136.0,2357.0,3883.0
943,7900,6758,7014,3832,4107,6164,4696,5176,4014,2919,1736,2062,1838,-182,1188,6642,radiant,7882.0,6095.0,5887.0,4754.0,7182.0,5172.0,3761.0,4044.0,4320.0,2896.0
944,5635,6883,5940,2531,2388,6007,4780,5070,3348,3549,-372,2103,870,-817,-1161,623,radiant,5630.0,6117.0,6578.0,4856.0,5950.0,5157.0,2670.0,3423.0,2489.0,3746.0
945,5337,5887,4103,2743,2547,6848,6565,6152,5218,4442,-1511,-678,-2049,-2475,-1895,-8608,dire,5207.0,6757.0,6101.0,6773.0,4336.0,6408.0,2964.0,5057.0,2800.0,4606.0
946,5596,7179,4664,5476,4452,6781,5746,6171,3545,3639,-1185,1433,-1507,1931,813,1485,dire,5317.0,6671.0,6709.0,5849.0,4795.0,6123.0,5572.0,3752.0,4503.0,3784.0
947,6996,6123,4971,3483,2719,6265,6489,4774,3526,2923,731,-366,197,-43,-204,315,radiant,6333.0,6283.0,6048.0,6253.0,4784.0,4814.0,3043.0,3432.0,2721.0,3088.0
948,6887,6497,5863,3470,2744,7918,7042,6254,3829,3363,-1031,-545,-391,-359,-619,-2945,dire,6801.0,7786.0,6384.0,6549.0,5864.0,5721.0,3226.0,3835.0,2845.0,3436.0
949,4942,5817,4254,3886,3057,5368,7936,6562,3879,2938,-426,-2119,-2308,7,119,-4727,dire,4873.0,5143.0,5718.0,7940.0,4206.0,6425.0,3805.0,4011.0,3268.0,3076.0
950,8355,5924,4347,2883,2704,6503,6405,4037,5340,3880,1852,-481,310,-2457,-1176,-1952,dire,7887.0,6488.0,5603.0,6395.0,4038.0,3989.0,2803.0,5446.0,2575.0,4189.0
951,6814,6905,4792,3141,2487,6168,6482,5683,3640,3860,646,423,-891,-499,-1373,-1694,dire,6937.0,5888.0,6751.0,6328.0,5088.0,5478.0,3026.0,3497.0,2540.0,3581.0
952,6407,5078,5991,3371,3142,5977,6188,5111,3343,2499,430,-1110,880,28,643,871,dire,6148.0,5865.0,5286.0,6396.0,5754.0,5124.0,3561.0,3519.0,3168.0,2622.0
953,5067,3616,2189,1732,1754,9943,5926,6180,2982,3193,-4876,-2310,-3991,-1250,-1439,-13866,dire,4822.0,10051.0,3553.0,6023.0,2336.0,6136.0,1859.0,3208.0,1892.0,3213.0
954,4536,4708,3699,1984,2078,5292,6425,5360,2834,2830,-756,-1717,-1661,-850,-752,-5736,dire,4842.0,5428.0,5014.0,6359.0,3966.0,5154.0,2182.0,2900.0,2257.0,2943.0
955,7479,6495,3541,4506,3206,4949,6167,3854,2386,2253,2530,328,-313,2120,953,5618,dire,7323.0,5028.0,5838.0,6204.0,3582.0,3589.0,4462.0,2612.0,3141.0,2481.0
956,5823,6043,6383,3766,3431,5238,4944,6791,3179,3774,585,1099,-408,587,-343,1520,radiant,5752.0,5173.0,6045.0,4837.0,6309.0,6546.0,3743.0,3241.0,3682.0,3615.0
957,4784,6075,4745,2923,2530,6457,6889,5416,2922,3193,-1673,-814,-671,1,-663,-3820,dire,5079.0,6185.0,6191.0,6672.0,4772.0,5528.0,2849.0,2986.0,2762.0,3274.0
958,9476,7428,5868,4109,3367,5516,6026,4749,4404,4373,3960,1402,1119,-295,-1006,5180,radiant,9064.0,5667.0,7743.0,5709.0,5999.0,4882.0,3977.0,4380.0,3415.0,4233.0
959,8469,6475,7705,3689,4510,5334,6597,5351,3772,2737,3135,-122,2354,-83,1773,7057,radiant,7635.0,5224.0,6598.0,6581.0,7600.0,5307.0,3407.0,4015.0,4632.0,2942.0
960,6479,5957,5506,3315,3368,8232,5300,6854,4176,3958,-1753,657,-1348,-861,-590,-3895,dire,5853.0,8212.0,5890.0,5326.0,5522.0,6855.0,3288.0,4111.0,3428.0,4167.0
961,6776,7026,6822,3841,2842,6923,5663,5262,3153,3018,-147,1363,1560,688,-176,3288,radiant,6318.0,6635.0,6901.0,5674.0,6823.0,5367.0,3873.0,3284.0,2867.0,3131.0
962,6006,5854,4679,4037,3291,7165,6956,6504,2779,2446,-1159,-1102,-1825,1258,845,-1983,radiant,6031.0,7035.0,5904.0,6776.0,4566.0,6489.0,3960.0,2972.0,3279.0,2606.0
963,5998,5399,4702,3626,3848,8269,6241,6428,4264,3014,-2271,-842,-1726,-638,834,-4643,dire,6204.0,7771.0,5514.0,6249.0,4847.0,5982.0,3818.0,3704.0,4014.0,2883.0
964,5868,6304,6402,3140,3025,8132,5680,5127,2878,2337,-2264,624,1275,262,688,585,radiant,5932.0,8069.0,6274.0,5536.0,6448.0,5071.0,3244.0,2902.0,3242.0,2516.0
965,6194,7125,6815,3803,3193,5686,6849,3922,2806,2554,508,276,2893,997,639,5313,dire,5996.0,5607.0,6735.0,6757.0,6664.0,4031.0,3812.0,2839.0,3254.0,2643.0
966,6157,7676,5783,3118,2908,5823,6344,5406,3808,2804,334,1332,377,-690,104,1457,radiant,6109.0,5628.0,7831.0,6625.0,5586.0,5275.0,3395.0,3814.0,3167.0,2918.0
967,6507,7735,5449,3824,3026,7263,5409,4580,3935,2778,-756,2326,869,-111,248,2576,dire,6544.0,7094.0,7585.0,5225.0,5462.0,4636.0,3897.0,3938.0,3167.0,2608.0
968,6736,5524,4960,3248,3448,6175,6031,4303,5025,2334,561,-507,657,-1777,1114,48,radiant,6662.0,5963.0,5947.0,5886.0,4983.0,4252.0,3417.0,5040.0,3615.0,2466.0
969,5230,4541,2612,6527,3664,5926,5293,5636,2872,2878,-696,-752,-3024,3655,786,-31,dire,5109.0,5699.0,4236.0,4723.0,2739.0,5636.0,6603.0,2726.0,3693.0,2789.0
970,6225,6113,6011,5234,4710,5500,5744,5495,3588,2664,725,369,516,1646,2046,5302,radiant,6223.0,5315.0,5788.0,5458.0,6136.0,5461.0,5130.0,3685.0,4518.0,2732.0
971,6258,6028,4572,3219,2744,7910,7097,5750,4034,3198,-1652,-1069,-1178,-815,-454,-5168,dire,6305.0,7589.0,6017.0,7197.0,4672.0,5915.0,3263.0,3808.0,2804.0,3322.0
972,6170,4676,5359,3646,2486,6327,6173,5553,3822,2634,-157,-1497,-194,-176,-148,-2172,radiant,6170.0,6164.0,4900.0,6231.0,5654.0,5482.0,3507.0,3657.0,2656.0,2809.0
973,5946,5945,5127,2899,2454,5962,7032,6395,4138,2536,-16,-1087,-1268,-1239,-82,-3692,radiant,5654.0,5805.0,5986.0,6994.0,5317.0,6363.0,3049.0,4118.0,2653.0,2699.0
974,4560,5754,5929,3213,3275,5906,5655,5325,3755,3296,-1346,99,604,-542,-21,-1206,radiant,4488.0,5664.0,5576.0,5610.0,5336.0,5405.0,2816.0,3709.0,3192.0,3472.0
975,6768,6512,6137,3726,2932,7322,6790,4616,3226,2741,-554,-278,1521,500,191,1380,radiant,6791.0,7177.0,6331.0,6496.0,6492.0,4424.0,3820.0,3189.0,3108.0,2783.0
976,7653,6556,5761,3244,3165,5358,5694,6529,3359,3275,2295,862,-768,-115,-110,2164,radiant,7580.0,5037.0,6101.0,5477.0,5906.0,6440.0,3204.0,3600.0,3024.0,3407.0
977,6808,5045,7901,3586,3054,6172,6086,5313,3098,3453,636,-1041,2588,488,-399,2272,radiant,6489.0,5927.0,5115.0,5954.0,8118.0,5251.0,3450.0,3150.0,3200.0,3488.0
978,6403,6192,4742,4188,3498,6515,6344,6235,3231,3423,-112,-152,-1493,957,75,-725,dire,6333.0,6724.0,6263.0,6271.0,4687.0,6140.0,4057.0,3482.0,3630.0,3688.0
979,5590,7039,6461,2720,3514,6584,5978,5361,2968,3590,-994,1061,1100,-248,-76,843,radiant,5269.0,6691.0,6548.0,6311.0,6293.0,5503.0,2560.0,2688.0,3269.0,3717.0
980,6076,6054,4683,2333,2036,7497,7363,5436,3167,2616,-1421,-1309,-753,-834,-580,-4897,dire,6116.0,7453.0,5947.0,7027.0,4696.0,5377.0,2404.0,3183.0,2026.0,2713.0
981,7763,6279,5250,3939,3365,6764,7198,4938,4396,2321,999,-919,312,-457,1044,979,radiant,7807.0,6583.0,6088.0,6838.0,5199.0,4663.0,3604.0,4159.0,3520.0,2096.0
982,8533,6899,5624,2748,4345,4895,6079,2983,4688,3043,3638,820,2641,-1940,1302,6461,dire,7599.0,4497.0,6782.0,5935.0,5415.0,2967.0,2846.0,4815.0,4397.0,2282.0
983,8771,7663,6331,3609,3006,7101,5172,5864,4394,3209,1670,2491,467,-785,-203,3640,radiant,7654.0,7251.0,7482.0,5043.0,6262.0,5704.0,3607.0,4510.0,3079.0,3240.0
984,6916,5637,6182,2993,2521,6460,6516,5526,3870,3350,456,-879,656,-877,-829,-1473,dire,6622.0,6328.0,5569.0,6716.0,6320.0,5315.0,3158.0,3991.0,2366.0,3623.0
985,8203,6096,3128,5360,2981,6842,5687,7441,4100,2904,1361,409,-4313,1260,77,-1206,radiant,7513.0,7004.0,5878.0,5340.0,3158.0,7221.0,5465.0,4196.0,2925.0,3072.0
986,5878,5670,3859,3879,3159,7345,7392,6183,3685,3471,-1467,-1722,-2324,194,-312,-5631,dire,5969.0,7225.0,5576.0,7309.0,3661.0,5975.0,4145.0,3691.0,3296.0,3631.0
987,5684,5487,6551,3350,2708,7396,6019,6746,3102,3163,-1712,-532,-195,248,-455,-2646,dire,5702.0,7309.0,5536.0,5594.0,6771.0,6670.0,3441.0,3153.0,2814.0,3187.0
988,5427,8010,6591,3674,3403,6028,4199,4409,2271,2447,-601,3811,2182,1403,956,7751,radiant,5674.0,6059.0,8097.0,4185.0,6567.0,4481.0,3977.0,2459.0,3471.0,2649.0
989,7869,6381,4195,5849,3716,5641,6251,3976,3557,2990,2228,130,219,2292,726,5595,dire,7604.0,5595.0,6505.0,6166.0,4452.0,4041.0,5839.0,3616.0,3703.0,3161.0
990,5762,7048,5086,4459,2819,6923,5949,5601,3276,2775,-1161,1099,-515,1183,44,650,dire,5565.0,6860.0,7012.0,5585.0,5028.0,5479.0,4589.0,3141.0,3061.0,2902.0
991,7221,6252,6159,3541,2615,7219,8423,6033,3196,3610,2,-2171,126,345,-995,-2693,radiant,6993.0,7068.0,6104.0,8068.0,6144.0,5905.0,3625.0,3402.0,2672.0,3777.0
992,5373,4127,4223,3500,2028,7245,7450,6490,3735,3792,-1872,-3323,-2267,-235,-1764,-9461,dire,5263.0,6629.0,4159.0,7239.0,4199.0,6351.0,3633.0,3670.0,2203.0,3685.0
993,6347,6327,5070,2669,2982,7398,6939,5973,3175,3841,-1051,-612,-903,-506,-859,-3931,radiant,6333.0,6943.0,6324.0,6540.0,4938.0,5712.0,2629.0,3230.0,3039.0,3843.0
994,5793,6505,5614,2693,2645,6787,6774,6495,3923,3110,-994,-269,-881,-1230,-465,-3839,dire,5656.0,6779.0,5914.0,6755.0,5540.0,6566.0,2894.0,4167.0,2841.0,3370.0
