,rad_pos1_last_gold,rad_pos2_last_gold,rad_pos3_last_gold,rad_pos4_last_gold,rad_pos5_last_gold,dire_pos1_last_gold,dire_pos2_last_gold,dire_pos3_last_gold,dire_pos4_last_gold,dire_pos5_last_gold,pos1_diff,pos2_diff,pos3_diff,pos4_diff,pos5_diff,team_diff,winner,rad_pos1_last_gold,dire_pos1_last_gold,rad_pos2_last_gold,dire_pos2_last_gold,rad_pos3_last_gold,dire_pos3_last_gold,rad_pos4_last_gold,dire_pos4_last_gold,rad_pos5_last_gold,dire_pos5_last_gold
0,12769,11037,10310,5451,4521,14026,12274,11486,8341,6291,-1257,-1237,-1176,-2890,-1770,-8330,dire,12229.0,13528.0,11031.0,11995.0,9858.0,11323.0,5435.0,8171.0,4694.0,6118.0
1,12258,14602,13348,5425,5000,16040,14583,11650,6504,6634,-3782,19,1698,-1079,-1634,-4778,radiant,12386.0,15760.0,14103.0,14510.0,13425.0,11499.0,5683.0,6611.0,5209.0,6593.0
2,14901,12305,11248,7304,5454,14465,11740,9810,7938,6820,436,565,1438,-634,-1366,439,dire,14784.0,14072.0,12298.0,11776.0,11397.0,9875.0,7310.0,7351.0,5624.0,7141.0
3,15643,12443,11205,6881,6157,14956,13340,11270,8060,4659,687,-897,-65,-1179,1498,44,radiant,15570.0,13635.0,12523.0,12816.0,11440.0,11508.0,7003.0,8101.0,5976.0,4844.0
4,16415,13152,11254,8147,6681,18014,14333,11896,9309,6801,-1599,-1181,-642,-1162,-120,-4704,dire,16373.0,18026.0,12806.0,14204.0,11333.0,12069.0,8308.0,9628.0,6633.0,6868.0
5,11914,12022,11227,6577,6421,17349,15001,14028,9056,8712,-5435,-2979,-2801,-2479,-2291,-15985,dire,11848.0,17129.0,12410.0,15069.0,11353.0,14214.0,6800.0,9146.0,6574.0,8730.0
6,16136,11884,10160,7353,6729,13081,11864,10836,10790,6245,3055,20,-676,-3437,484,-554,radiant,15527.0,12455.0,11623.0,11709.0,10186.0,11045.0,7389.0,10689.0,6952.0,6411.0
7,14862,13205,11793,6550,6597,18270,13101,11073,7574,6537,-3408,104,720,-1024,60,-3548,dire,15327.0,17204.0,13086.0,12563.0,11355.0,11260.0,6733.0,7311.0,6834.0,6672.0
8,16597,15377,10250,6474,4695,12682,12687,10812,8066,5276,3915,2690,-562,-1592,-581,3870,radiant,15695.0,13149.0,13716.0,12982.0,10199.0,11134.0,6446.0,8145.0,4777.0,5495.0
9,12567,12167,9795,6069,5499,11510,10589,12771,7122,6276,1057,1578,-2976,-1053,-777,-2171,dire,12262.0,11389.0,12208.0,10647.0,9733.0,12901.0,6142.0,6923.0,5684.0,6483.0
10,16618,15884,11250,6832,5584,13715,13728,12451,8637,4788,2903,2156,-1201,-1805,796,2849,radiant,15574.0,13531.0,16454.0,13558.0,11297.0,12826.0,6853.0,8622.0,5869.0,4875.0
11,17945,12819,9466,7330,8024,12872,13487,9717,7102,6560,5073,-668,-251,228,1464,5846,radiant,17719.0,12899.0,12563.0,13608.0,8793.0,9995.0,7492.0,7170.0,7957.0,6778.0
12,13735,13513,10726,8989,6029,11195,11460,10377,8119,7238,2540,2053,349,870,-1209,4603,radiant,13602.0,11173.0,13196.0,11632.0,10635.0,9901.0,8830.0,8355.0,6131.0,7497.0
13,13656,12711,11110,6490,5958,16832,10812,11300,7472,7047,-3176,1899,-190,-982,-1089,-3538,dire,14008.0,16841.0,12417.0,10696.0,11531.0,11324.0,6670.0,7689.0,5931.0,7153.0
14,12772,10639,8647,6422,4482,13911,12835,9825,6560,5812,-1139,-2196,-1178,-138,-1330,-5981,radiant,12778.0,13427.0,10627.0,12640.0,8607.0,9919.0,6354.0,6643.0,4594.0,5759.0
15,14436,14280,12094,8341,5698,17697,12897,10121,7012,5582,-3261,1383,1973,1329,116,1540,radiant,14044.0,17945.0,14413.0,12540.0,12062.0,10029.0,8552.0,7301.0,5947.0,5839.0
16,13149,13521,10132,7445,6470,12913,11688,11168,6878,4801,236,1833,-1036,567,1669,3269,dire,13053.0,12777.0,13348.0,11305.0,10101.0,10884.0,7360.0,7002.0,6433.0,5026.0
17,14391,11970,11399,7773,6479,12948,12632,11893,11078,6449,1443,-662,-494,-3305,30,-2988,dire,14114.0,13563.0,12071.0,12350.0,11568.0,11171.0,7377.0,11437.0,6458.0,5516.0
18,13187,11642,11268,7678,6796,16177,10966,11837,7249,6693,-2990,676,-569,429,103,-2351,dire,13589.0,16567.0,11942.0,10379.0,11313.0,12057.0,7905.0,6956.0,6921.0,6774.0
19,12289,11885,12440,7245,6952,13021,15786,10891,7438,6198,-732,-3901,1549,-193,754,-2523,dire,12328.0,12771.0,11856.0,15398.0,12845.0,10615.0,7443.0,7430.0,6759.0,5861.0
20,15037,13971,14094,8131,5581,12857,9979,8106,7648,6735,2180,3992,5988,483,-1154,11489,radiant,14859.0,12303.0,13497.0,10068.0,13675.0,8256.0,8272.0,7792.0,5745.0,6748.0
21,12435,10553,9166,5924,5320,16894,13940,11104,7261,5698,-4459,-3387,-1938,-1337,-378,-11499,dire,11672.0,16563.0,10715.0,13889.0,9110.0,10857.0,5754.0,7359.0,5383.0,5844.0
22,18364,14708,12719,9267,7514,14428,10875,10179,6520,4909,3936,3833,2540,2747,2605,15661,radiant,18182.0,14318.0,14578.0,10768.0,12705.0,10336.0,9060.0,6580.0,7735.0,5162.0
23,12594,10168,9464,6448,6682,12924,13310,14171,7448,6331,-330,-3142,-4707,-1000,351,-8828,radiant,12500.0,12616.0,9996.0,13519.0,9690.0,14129.0,6331.0,7550.0,6652.0,6612.0
24,13651,11982,10020,6856,6612,16117,14783,13925,7713,7116,-2466,-2801,-3905,-857,-504,-10533,dire,13316.0,15952.0,11739.0,14189.0,9964.0,13782.0,6933.0,7578.0,6615.0,7057.0
25,11553,12214,12079,6509,6493,13931,11250,12212,6031,5090,-2378,964,-133,478,1403,334,dire,11518.0,13840.0,11896.0,11479.0,12048.0,12567.0,6426.0,5898.0,6520.0,4944.0
26,11946,10681,7885,6268,6088,12943,11978,10881,7881,6952,-997,-1297,-2996,-1613,-864,-7767,dire,11790.0,12777.0,10403.0,11996.0,8056.0,10673.0,6106.0,8023.0,5868.0,7128.0
27,15219,15109,12639,7588,5471,13938,15557,10091,4753,5310,1281,-448,2548,2835,161,6377,radiant,14693.0,13696.0,14833.0,15251.0,12696.0,10390.0,6836.0,5040.0,5507.0,5384.0
28,14921,11226,8378,10425,7201,12025,12728,10678,7469,6014,2896,-1502,-2300,2956,1187,3237,radiant,14329.0,12012.0,11326.0,12713.0,8278.0,10831.0,10483.0,7321.0,7519.0,6087.0
29,13555,8198,6915,6846,6414,14280,12424,10914,6790,6847,-725,-4226,-3999,56,-433,-9327,dire,13500.0,14121.0,8065.0,12223.0,7072.0,10878.0,6895.0,6984.0,6641.0,7032.0
30,15249,13509,13265,6943,6077,11992,11162,8699,7472,6678,3257,2347,4566,-529,-601,9040,radiant,15687.0,10922.0,13422.0,10869.0,13021.0,8606.0,7157.0,7156.0,6245.0,6613.0
31,14942,12893,10995,7598,7617,12306,12778,11237,6832,6366,2636,115,-242,766,1251,4526,dire,15142.0,12098.0,12929.0,12594.0,11035.0,11255.0,7969.0,7022.0,8017.0,6524.0
32,15859,12767,9101,6711,6333,14962,13946,10216,6750,6738,897,-1179,-1115,-39,-405,-1841,radiant,15662.0,14848.0,12970.0,13963.0,8835.0,10498.0,6506.0,6722.0,6485.0,6915.0
33,13281,12415,8085,6035,5821,16702,11766,11188,6833,6143,-3421,649,-3103,-798,-322,-6995,dire,13185.0,16261.0,12880.0,11204.0,8325.0,11012.0,6290.0,6696.0,5971.0,5971.0
34,16521,14383,15186,12740,8357,14981,11154,10002,7405,7298,1540,3229,5184,5335,1059,16347,radiant,16636.0,14239.0,14440.0,11356.0,15051.0,9681.0,12613.0,6538.0,8469.0,7085.0
35,13784,13117,11642,8564,6841,14699,14239,12181,6829,6188,-915,-1122,-539,1735,653,-188,radiant,14147.0,14162.0,13435.0,13314.0,11628.0,11975.0,8733.0,7052.0,6709.0,6316.0
36,16012,10487,8690,7084,5854,14810,12509,10045,7672,6314,1202,-2022,-1355,-588,-460,-3223,radiant,16264.0,14418.0,10517.0,12657.0,8814.0,10074.0,7317.0,7606.0,5929.0,6138.0
37,9597,10995,9970,6096,8031,15145,14180,11398,9324,8141,-5548,-3185,-1428,-3228,-110,-13499,dire,9779.0,14996.0,11064.0,13970.0,10350.0,11333.0,6335.0,9108.0,8207.0,7726.0
38,12432,12345,10402,7868,6111,14971,13514,11303,8656,9227,-2539,-1169,-901,-788,-3116,-8513,dire,12341.0,13865.0,12341.0,12616.0,10401.0,11347.0,8175.0,7960.0,5972.0,8275.0
39,15758,13563,12653,8583,6976,11440,10271,8068,5937,4729,4318,3292,4585,2646,2247,17088,radiant,15416.0,11762.0,12951.0,10365.0,11713.0,8356.0,8205.0,5640.0,6966.0,4991.0
40,13047,12388,7377,6757,8142,15065,15090,11712,6338,4781,-2018,-2702,-4335,419,3361,-5275,radiant,13016.0,14877.0,12015.0,15478.0,7413.0,11696.0,7035.0,6394.0,7866.0,4905.0
41,12081,12034,9271,8123,6285,15444,13592,10920,7331,6596,-3363,-1558,-1649,792,-311,-6089,dire,12370.0,14402.0,11993.0,12545.0,9389.0,10044.0,8209.0,6449.0,6367.0,6460.0
42,11598,11490,11446,5647,4595,13367,13221,13143,7495,5721,-1769,-1731,-1697,-1848,-1126,-8171,dire,11868.0,13198.0,11496.0,13283.0,11739.0,12604.0,5864.0,7195.0,4807.0,5483.0
43,15396,12565,9888,5852,5177,15660,14489,13675,8150,7071,-264,-1924,-3787,-2298,-1894,-10167,dire,15139.0,15006.0,12041.0,14157.0,9784.0,13358.0,5818.0,8141.0,5215.0,7041.0
44,15693,13285,10402,9969,7103,12924,11531,10436,7504,6175,2769,1754,-34,2465,928,7882,radiant,15361.0,12811.0,13082.0,11969.0,10097.0,10463.0,9815.0,7851.0,7139.0,6395.0
45,12573,12989,11895,6357,4681,15531,14472,12940,9716,7564,-2958,-1483,-1045,-3359,-2883,-11728,dire,12207.0,16274.0,12835.0,14566.0,12053.0,12777.0,6274.0,9957.0,4923.0,7945.0
46,12619,9868,7154,5307,4131,12499,12126,9934,7146,6217,120,-2258,-2780,-1839,-2086,-8843,dire,12470.0,12689.0,9975.0,12329.0,7326.0,9964.0,5553.0,7337.0,4335.0,6075.0
47,15391,10734,10153,6334,5246,10406,11894,11511,6069,7040,4985,-1160,-1358,265,-1794,938,radiant,15319.0,10665.0,10932.0,12139.0,9976.0,11751.0,6175.0,6225.0,5307.0,7355.0
48,16905,12289,12165,8634,7466,12927,10564,10928,5366,5134,3978,1725,1237,3268,2332,12540,radiant,16536.0,13053.0,11869.0,10659.0,11894.0,11252.0,8312.0,5453.0,7111.0,5382.0
49,14089,9328,8776,4938,4193,14706,14234,12678,7832,7167,-617,-4906,-3902,-2894,-2974,-15293,dire,13821.0,14608.0,9144.0,14092.0,8868.0,12610.0,4670.0,7903.0,4149.0,7092.0
50,18625,12564,11598,7775,6466,13346,10179,10199,5846,5856,5279,2385,1399,1929,610,11602,radiant,18183.0,13361.0,11922.0,10529.0,11328.0,10241.0,7536.0,6096.0,6298.0,6014.0
51,15709,13352,13532,7213,7156,15119,11544,10093,7022,8103,590,1808,3439,191,-947,5081,radiant,15977.0,13895.0,13269.0,10921.0,13877.0,9166.0,7479.0,6531.0,7388.0,7647.0
52,15074,14010,13341,8404,5479,10767,11440,11512,8133,5550,4307,2570,1829,271,-71,8906,dire,14800.0,10876.0,13755.0,11145.0,13670.0,11465.0,8367.0,8488.0,5725.0,5752.0
53,15257,12259,13188,6503,6351,14367,12506,11586,7615,5512,890,-247,1602,-1112,839,1972,radiant,15143.0,13806.0,12394.0,12421.0,12995.0,11465.0,6636.0,7377.0,6476.0,5455.0
54,15979,9195,9149,5692,4582,20600,13732,11393,8165,5674,-4621,-4537,-2244,-2473,-1092,-14967,dire,15671.0,20492.0,8958.0,13645.0,8918.0,11565.0,5389.0,8295.0,4597.0,5884.0
55,15570,11567,10879,7548,6211,19791,13321,11891,9265,9046,-4221,-1754,-1012,-1717,-2835,-11539,dire,15895.0,19414.0,11903.0,13651.0,11178.0,11395.0,7896.0,9505.0,6248.0,9160.0
56,12903,12120,11576,8191,7009,10960,10912,10241,6316,5613,1943,1208,1335,1875,1396,7757,radiant,12516.0,10372.0,12198.0,11028.0,11182.0,10151.0,7850.0,6464.0,7083.0,5828.0
57,11686,11060,9874,7922,5042,14389,13904,11468,12778,8851,-2703,-2844,-1594,-4856,-3809,-15806,dire,12157.0,14216.0,10990.0,13661.0,10143.0,11383.0,8126.0,12327.0,5203.0,8248.0
58,13547,11806,9551,6517,6541,15083,13933,10227,8328,8051,-1536,-2127,-676,-1811,-1510,-7660,dire,13739.0,15136.0,11790.0,13511.0,9212.0,10041.0,6484.0,8518.0,6702.0,8098.0
59,14243,11929,11781,7074,6843,14526,13908,10968,10419,7940,-283,-1979,813,-3345,-1097,-5891,dire,13504.0,14227.0,11966.0,14088.0,11098.0,11132.0,6839.0,10324.0,6434.0,8037.0
60,12451,12436,9059,10077,8329,14224,10159,11228,7261,7825,-1773,2277,-2169,2816,504,1655,dire,12297.0,13322.0,12821.0,9690.0,9356.0,10527.0,10374.0,7002.0,8440.0,7701.0
61,13513,9765,9001,7046,6004,18874,12319,12271,7191,7388,-5361,-2554,-3270,-145,-1384,-12714,dire,13087.0,18928.0,9720.0,12574.0,8841.0,12439.0,7203.0,7488.0,6109.0,7648.0
62,16964,11904,12320,7584,7593,15671,10471,12588,9254,5392,1293,1433,-268,-1670,2201,2989,dire,16913.0,15528.0,11980.0,10473.0,12286.0,12736.0,7661.0,9302.0,7608.0,5596.0
63,11519,13663,12284,8800,6944,14745,11779,11235,6205,5988,-3226,1884,1049,2595,956,3258,radiant,11406.0,14702.0,13683.0,11768.0,12063.0,11397.0,8575.0,6474.0,6831.0,6113.0
64,16903,14343,13901,7403,6155,15623,13972,11984,8087,8057,1280,371,1917,-684,-1902,982,dire,16463.0,15314.0,14262.0,13906.0,13732.0,11991.0,7673.0,8137.0,6438.0,8221.0
65,14469,11672,10330,7546,4911,13173,9526,11330,7449,6272,1296,2146,-1000,97,-1361,1178,dire,14347.0,12941.0,12048.0,9359.0,10391.0,11420.0,7563.0,7416.0,4909.0,6335.0
66,12272,14041,10047,6292,5420,13535,13657,10147,9071,8587,-1263,384,-100,-2779,-3167,-6925,dire,10895.0,13739.0,13056.0,13008.0,9410.0,10180.0,5769.0,9181.0,5099.0,8097.0
67,11383,12330,9377,7542,6787,14023,12872,12578,7133,6950,-2640,-542,-3201,409,-163,-6137,dire,11664.0,13971.0,12825.0,12962.0,9541.0,12625.0,7232.0,7120.0,6963.0,7016.0
68,14202,11138,10150,7605,7445,17118,14748,13558,8155,7156,-2916,-3610,-3408,-550,289,-10195,dire,13938.0,16766.0,11193.0,14508.0,10174.0,12990.0,7819.0,7270.0,7475.0,6916.0
69,15575,13273,11468,6312,6474,14066,13891,11934,6622,5539,1509,-618,-466,-310,935,1050,radiant,15128.0,13977.0,13304.0,13806.0,11362.0,11945.0,6347.0,6577.0,6633.0,5794.0
70,17996,14579,12360,9091,8079,11317,12691,8973,5086,4751,6679,1888,3387,4005,3328,19287,radiant,17311.0,11624.0,14207.0,12924.0,11972.0,8774.0,9105.0,5291.0,7862.0,4813.0
71,17717,16307,15003,11330,9108,15109,11600,11578,10710,5981,2608,4707,3425,620,3127,14487,radiant,17319.0,15220.0,15871.0,11761.0,15112.0,12024.0,11186.0,10354.0,8718.0,5955.0
72,16522,14652,11934,10006,9363,12648,12857,8226,7288,5787,3874,1795,3708,2718,3576,15671,radiant,15860.0,12777.0,14201.0,12783.0,11727.0,8331.0,10035.0,7381.0,9040.0,5986.0
73,20498,15855,12534,9737,8752,13724,13224,12196,6688,6755,6774,2631,338,3049,1997,14789,radiant,20284.0,13637.0,15459.0,13360.0,12689.0,12277.0,9783.0,6844.0,8646.0,6757.0
74,11544,11561,12062,7203,4651,15676,12114,9703,6828,5496,-4132,-553,2359,375,-845,-2796,dire,11591.0,15595.0,11550.0,12458.0,12036.0,9941.0,7475.0,6781.0,4848.0,5653.0
75,15060,11763,11993,7871,5988,14668,13878,12612,7528,5634,392,-2115,-619,343,354,-1645,radiant,14785.0,14416.0,11738.0,13924.0,12176.0,12747.0,8108.0,7566.0,5959.0,5675.0
76,18391,10473,11142,9456,6951,11128,11032,10374,6481,6569,7263,-559,768,2975,382,10829,radiant,18030.0,11152.0,10446.0,11326.0,11196.0,10470.0,9124.0,6501.0,6867.0,6807.0
77,15862,14693,10966,8346,6697,11504,9649,8068,5576,4508,4358,5044,2898,2770,2189,17259,radiant,15949.0,11295.0,14655.0,9892.0,11095.0,8114.0,8472.0,5758.0,6802.0,4722.0
78,8832,8332,7930,5231,4968,18590,18153,15609,9557,8090,-9758,-9821,-7679,-4326,-3122,-34706,dire,6881.0,17271.0,7151.0,16843.0,7547.0,14739.0,4023.0,8768.0,4623.0,7552.0
79,15383,10765,11363,6138,5737,15733,11033,10942,6647,7303,-350,-268,421,-509,-1566,-2272,dire,14754.0,15676.0,10634.0,10858.0,11341.0,11045.0,6223.0,6684.0,5849.0,7629.0
80,12703,11015,12263,5739,5777,16727,13333,10398,10207,7553,-4024,-2318,1865,-4468,-1776,-10721,dire,12631.0,16608.0,11278.0,12493.0,11745.0,10695.0,5661.0,10068.0,5861.0,7716.0
81,10324,11109,11295,9993,6533,19945,15817,11732,9069,6760,-9621,-4708,-437,924,-227,-14069,dire,9988.0,19940.0,10848.0,15516.0,10845.0,11887.0,9845.0,9100.0,6541.0,6827.0
82,11690,11693,9377,11006,4491,17466,13269,10886,9434,6138,-5776,-1576,-1509,1572,-1647,-8936,dire,11934.0,16606.0,12073.0,13145.0,9489.0,10796.0,10909.0,8952.0,4263.0,6144.0
83,12900,14381,11572,8077,5204,13313,11379,10213,10267,4957,-413,3002,1359,-2190,247,2005,dire,13123.0,13209.0,13834.0,11450.0,11645.0,10457.0,7873.0,10583.0,5295.0,4980.0
84,15195,12131,10655,8384,8257,12587,11682,11030,9455,9486,2608,449,-375,-1071,-1229,382,dire,15840.0,12227.0,12003.0,11110.0,10970.0,10880.0,8785.0,8817.0,8339.0,8582.0
85,14039,11613,8521,6912,6955,11685,12907,11252,8617,5910,2354,-1294,-2731,-1705,1045,-2331,dire,14173.0,11493.0,11627.0,13281.0,8719.0,11268.0,7183.0,8778.0,7039.0,6202.0
86,14781,13192,10020,6406,6543,12965,10933,10124,6633,6625,1816,2259,-104,-227,-82,3662,dire,14605.0,12950.0,12905.0,10687.0,10050.0,10471.0,6734.0,6887.0,6429.0,6618.0
87,19388,16543,15637,11321,8954,15763,15226,12174,6469,9084,3625,1317,3463,4852,-130,13127,radiant,18716.0,15752.0,15668.0,15617.0,14850.0,12495.0,10848.0,6613.0,8364.0,9327.0
88,19767,13403,13605,6173,6579,15799,12623,12114,7138,5777,3968,780,1491,-965,802,6076,radiant,18847.0,15851.0,13262.0,12757.0,13713.0,12016.0,6314.0,7158.0,6753.0,6036.0
89,16540,12773,11251,7097,6075,11018,8307,9595,9014,5701,5522,4466,1656,-1917,374,10101,radiant,16334.0,10832.0,12972.0,8298.0,11305.0,9569.0,7069.0,8859.0,6163.0,5601.0
90,10632,10599,9838,5736,5215,17395,11256,12802,12269,9267,-6763,-657,-2964,-6533,-4052,-20969,dire,10719.0,16833.0,10624.0,11073.0,10236.0,12686.0,5917.0,12138.0,5405.0,8230.0
91,13290,13801,12185,7281,7527,15317,13360,9185,6305,5040,-2027,441,3000,976,2487,4877,radiant,12466.0,15181.0,13801.0,13258.0,12311.0,9486.0,7202.0,6516.0,7674.0,5214.0
92,16740,12147,10362,8915,5896,18361,12629,10975,7727,6387,-1621,-482,-613,1188,-491,-2019,radiant,16728.0,18364.0,12088.0,12507.0,10464.0,10854.0,8668.0,7417.0,6103.0,6566.0
93,10039,8797,7841,6214,4767,15603,15007,11942,9376,8558,-5564,-6210,-4101,-3162,-3791,-22828,dire,10174.0,15174.0,8640.0,15129.0,8024.0,11666.0,6209.0,9338.0,4829.0,8366.0
94,14356,12334,10307,8708,7978,13100,13325,10059,7658,7040,1256,-991,248,1050,938,2501,radiant,13064.0,13502.0,12271.0,12754.0,10148.0,9923.0,8645.0,7549.0,7856.0,7409.0
95,14769,13363,14491,6844,4791,19231,14928,13459,5665,3576,-4462,-1565,1032,1179,1215,-2601,dire,14089.0,19088.0,13748.0,14407.0,13878.0,13457.0,6484.0,5899.0,4726.0,3732.0
96,20141,13106,7170,9837,5807,15654,13177,10189,6475,4931,4487,-71,-3019,3362,876,5635,dire,19883.0,16002.0,13436.0,12752.0,7026.0,8904.0,10098.0,6254.0,6049.0,4574.0
97,14569,10426,10259,5698,5700,19539,15262,11587,5371,5545,-4970,-4836,-1328,327,155,-10652,dire,15052.0,18652.0,10263.0,15066.0,10385.0,11459.0,5621.0,5337.0,5960.0,5510.0
98,13024,13888,9638,6157,5446,14631,11966,12502,5501,5544,-1607,1922,-2864,656,-98,-1991,radiant,12917.0,14857.0,14001.0,12052.0,9709.0,12452.0,6512.0,5698.0,5655.0,5675.0
99,12067,10486,11285,6128,5882,12044,12433,11713,8140,7528,23,-1947,-428,-2012,-1646,-6010,dire,12086.0,11807.0,10386.0,12431.0,11101.0,11314.0,6426.0,8110.0,6172.0,7464.0
100,12997,10238,7437,4107,4491,16813,12270,11097,9475,7773,-3816,-2032,-3660,-5368,-3282,-18158,dire,12966.0,16132.0,9749.0,11880.0,7642.0,10720.0,4139.0,9936.0,4624.0,7947.0
101,14198,11817,10405,7059,5614,16426,13142,11289,9022,7083,-2228,-1325,-884,-1963,-1469,-7869,dire,13880.0,16389.0,11667.0,13201.0,10474.0,11701.0,7313.0,9263.0,5758.0,7316.0
102,18520,14407,11987,7593,8301,18051,11423,10722,6624,7006,469,2984,1265,969,1295,6982,radiant,18078.0,17740.0,14346.0,10798.0,11345.0,10692.0,7630.0,6652.0,8199.0,6918.0
103,17625,18503,12525,10316,7263,12648,12684,10855,9928,5947,4977,5819,1670,388,1316,14170,radiant,18046.0,10624.0,18902.0,11056.0,12081.0,9974.0,10374.0,9516.0,7513.0,5886.0
104,10413,11971,11889,7112,7405,12323,11047,9907,8663,7054,-1910,924,1982,-1551,351,-204,radiant,10382.0,11356.0,12356.0,10679.0,12256.0,9452.0,7078.0,8583.0,7705.0,6973.0
105,14892,12429,11523,6067,5601,13774,15099,12899,7961,8546,1118,-2670,-1376,-1894,-2945,-7767,radiant,14254.0,13582.0,12245.0,14711.0,11900.0,12546.0,6302.0,7934.0,5743.0,8450.0
106,11190,10225,9776,5946,4824,14983,12431,11732,7822,6955,-3793,-2206,-1956,-1876,-2131,-11962,dire,11556.0,14375.0,10605.0,11897.0,10158.0,11328.0,6024.0,7630.0,4949.0,6625.0
107,14334,11089,9734,5255,4832,15043,9003,10578,6597,4849,-709,2086,-844,-1342,-17,-826,dire,13705.0,14515.0,10923.0,8968.0,9819.0,10727.0,5415.0,6758.0,4977.0,5071.0
108,9959,12902,11261,5704,7498,13626,12803,12062,10217,7241,-3667,99,-801,-4513,257,-8625,radiant,10134.0,13450.0,12833.0,12553.0,11132.0,12008.0,5752.0,10132.0,7594.0,7360.0
109,17048,9504,11083,5898,6704,15467,11369,11108,7495,5827,1581,-1865,-25,-1597,877,-1029,radiant,16212.0,15413.0,9460.0,11551.0,10846.0,11176.0,5869.0,7557.0,6515.0,5921.0
110,20582,10511,10759,7121,5599,14714,13203,12032,6606,6881,5868,-2692,-1273,515,-1282,1136,dire,20498.0,14548.0,10691.0,13321.0,10760.0,12264.0,7125.0,6617.0,5491.0,7071.0
111,13117,13164,11494,6416,5942,12461,13430,9689,9595,7599,656,-266,1805,-3179,-1657,-2641,radiant,13488.0,12648.0,13015.0,13436.0,11856.0,9621.0,6176.0,9514.0,6131.0,7396.0
112,14570,13246,13059,9167,7682,12804,11892,11288,6810,6059,1766,1354,1771,2357,1623,8871,radiant,14239.0,13201.0,12711.0,12207.0,13288.0,11597.0,9010.0,6505.0,7714.0,6156.0
113,10680,10436,9315,4442,4273,18165,12948,12422,8417,7747,-7485,-2512,-3107,-3975,-3474,-20553,dire,10522.0,17591.0,10537.0,12350.0,9300.0,12251.0,4348.0,8456.0,4395.0,7696.0
114,16052,11310,12121,7838,7054,14084,12583,12389,7659,5258,1968,-1273,-268,179,1796,2402,radiant,15623.0,13624.0,11280.0,12220.0,12134.0,12201.0,7660.0,7154.0,7259.0,5195.0
115,14352,14194,11440,8168,7624,10803,9937,7225,5062,4836,3549,4257,4215,3106,2788,17915,radiant,13657.0,10814.0,13591.0,10402.0,11368.0,7519.0,8063.0,5274.0,7401.0,5095.0
116,13218,12593,12859,9086,8119,14441,12611,9543,8649,5905,-1223,-18,3316,437,2214,4726,radiant,13157.0,14392.0,12774.0,12402.0,13054.0,9276.0,9318.0,8137.0,7882.0,6086.0
117,10591,11940,10616,6134,5046,14347,13094,11143,6819,5106,-3756,-1154,-527,-685,-60,-6182,dire,10955.0,14222.0,12343.0,11892.0,10843.0,11014.0,6384.0,6455.0,5283.0,4863.0
118,10283,9481,8784,5724,6804,14143,12580,10302,6516,5349,-3860,-3099,-1518,-792,1455,-7814,dire,10094.0,14557.0,9277.0,12785.0,8862.0,10556.0,5735.0,6745.0,6839.0,5575.0
119,15143,13586,12553,7640,6021,11966,10364,8510,5711,4113,3177,3222,4043,1929,1908,14279,radiant,15162.0,11562.0,13407.0,10155.0,12390.0,8290.0,7405.0,5707.0,6171.0,4250.0
120,15376,13028,11642,8585,5070,11224,11824,9781,6659,5747,4152,1204,1861,1926,-677,8466,radiant,15527.0,11325.0,12803.0,11650.0,11466.0,9552.0,8633.0,6858.0,5003.0,5992.0
121,14632,12259,10667,6112,5373,15432,10993,9717,7926,7735,-800,1266,950,-1814,-2362,-2760,radiant,14596.0,15314.0,12111.0,10541.0,10883.0,9634.0,5824.0,7685.0,5584.0,7423.0
122,13124,14786,12800,7096,6849,12496,10944,11585,7311,6249,628,3842,1215,-215,600,6070,radiant,12206.0,12291.0,14202.0,10433.0,12361.0,11677.0,6964.0,7261.0,6939.0,5783.0
123,13137,13417,13189,7682,6754,12559,13460,12779,6820,5718,578,-43,410,862,1036,2843,radiant,12473.0,12387.0,13308.0,13385.0,12840.0,12700.0,6995.0,7004.0,6580.0,5796.0
124,15587,11949,11530,6976,6015,11173,12000,9292,7697,7400,4414,-51,2238,-721,-1385,4495,dire,14936.0,11027.0,12057.0,11954.0,11443.0,8784.0,6968.0,7546.0,6084.0,7365.0
125,14420,12238,10594,6456,6994,14895,12081,11031,6072,5538,-475,157,-437,384,1456,1085,dire,13946.0,14561.0,11875.0,12015.0,10606.0,10840.0,6475.0,6179.0,6933.0,5684.0
126,14006,12153,9396,6478,5494,16861,12383,11061,6223,6080,-2855,-230,-1665,255,-586,-5081,dire,14393.0,16820.0,12133.0,12342.0,9285.0,10541.0,6556.0,6164.0,5752.0,6161.0
127,12531,9410,11322,6215,6115,16110,12174,12985,6764,8410,-3579,-2764,-1663,-549,-2295,-10850,dire,12490.0,15944.0,9499.0,12094.0,11357.0,13089.0,6118.0,6673.0,6210.0,8177.0
128,13673,11197,10789,5525,4748,14206,13600,11987,8895,7538,-533,-2403,-1198,-3370,-2790,-10294,dire,14256.0,14232.0,11559.0,13801.0,10806.0,11857.0,5435.0,9024.0,4942.0,7626.0
129,15471,14316,10698,7145,6523,12416,12127,9671,6077,5476,3055,2189,1027,1068,1047,8386,radiant,15526.0,12308.0,14539.0,12298.0,10666.0,9852.0,7523.0,6170.0,6735.0,5578.0
130,18694,10948,11096,7119,5786,13038,11964,10637,6588,5459,5656,-1016,459,531,327,5957,radiant,18277.0,13214.0,10850.0,12422.0,10829.0,10336.0,7003.0,6420.0,5871.0,5639.0
131,14249,11489,11040,7267,5995,13672,8101,9797,8262,4123,577,3388,1243,-995,1872,6085,dire,14046.0,13360.0,11638.0,7880.0,11128.0,9742.0,7493.0,8286.0,6083.0,4159.0
132,14172,12306,10568,8433,5976,10560,9126,7529,5604,5450,3612,3180,3039,2829,526,13186,radiant,14376.0,10956.0,11675.0,9022.0,10784.0,7783.0,8697.0,5753.0,6073.0,5652.0
133,14609,10587,12074,6819,8605,12156,11325,11273,6933,4829,2453,-738,801,-114,3776,6178,radiant,14216.0,11603.0,10329.0,11383.0,12139.0,11337.0,6436.0,7004.0,8538.0,4925.0
134,13029,13967,10109,8156,5816,13482,13522,12215,11504,8058,-453,445,-2106,-3348,-2242,-7704,dire,12992.0,12962.0,14514.0,13637.0,9993.0,12362.0,8622.0,11695.0,6088.0,8343.0
135,13242,12903,10084,8608,7368,12231,9179,9339,8502,6374,1011,3724,745,106,994,6580,radiant,13293.0,11748.0,12779.0,9471.0,9900.0,9461.0,8385.0,8040.0,7084.0,6506.0
136,10400,9792,11116,7584,6258,16122,7990,9862,9789,6640,-5722,1802,1254,-2205,-382,-5253,dire,10228.0,15677.0,9977.0,7783.0,10743.0,9792.0,7570.0,9483.0,6068.0,6558.0
137,18560,13778,11967,10919,8723,10722,10502,9434,5404,4711,7838,3276,2533,5515,4012,23174,radiant,18444.0,11150.0,13685.0,10616.0,11936.0,9332.0,10810.0,5569.0,8525.0,4753.0
138,12467,12650,10383,7472,6840,12608,11216,10221,7853,5592,-141,1434,162,-381,1248,2322,radiant,12257.0,12430.0,12514.0,11272.0,10192.0,10134.0,7480.0,7876.0,6801.0,5790.0
139,16091,12461,11514,7987,7715,12174,11275,12649,9272,8842,3917,1186,-1135,-1285,-1127,1556,dire,15967.0,12199.0,11836.0,11419.0,10930.0,12458.0,7915.0,9317.0,7417.0,8426.0
140,9536,8406,8555,5719,3953,16825,13548,13127,9026,7966,-7289,-5142,-4572,-3307,-4013,-24323,dire,9627.0,16722.0,8692.0,13345.0,8633.0,13248.0,6027.0,8933.0,4065.0,8098.0
141,16395,15034,13790,8818,6460,13989,7475,7334,6175,5171,2406,7559,6456,2643,1289,20353,radiant,16412.0,13932.0,15516.0,7573.0,13775.0,7247.0,8583.0,6222.0,6582.0,5111.0
142,13064,12302,11568,6054,6684,16487,12333,12333,7741,6375,-3423,-31,-765,-1687,309,-5597,dire,13264.0,16426.0,12616.0,12267.0,11239.0,12194.0,6297.0,7303.0,6503.0,6568.0
143,15032,11900,10676,9199,8284,14199,12295,11215,7721,6171,833,-395,-539,1478,2113,3490,radiant,14558.0,13475.0,11470.0,12024.0,10547.0,11359.0,9111.0,7690.0,8339.0,6389.0
144,15982,15035,10125,5328,4879,16478,14876,13076,6536,5726,-496,159,-2951,-1208,-847,-5343,dire,15408.0,15893.0,15067.0,14570.0,10479.0,12431.0,5640.0,6564.0,5170.0,5530.0
145,12358,10675,7558,5373,4897,18232,11639,9979,4374,4444,-5874,-964,-2421,999,453,-7807,dire,12228.0,18382.0,10864.0,11594.0,7612.0,9979.0,5598.0,4352.0,5067.0,4627.0
146,12543,9006,7528,5879,5847,18820,15299,13948,10233,9857,-6277,-6293,-6420,-4354,-4010,-27354,dire,12886.0,18019.0,8846.0,14088.0,7659.0,13715.0,5984.0,9847.0,5869.0,9111.0
147,10771,9429,8360,7446,4887,15215,12193,11507,9619,8792,-4444,-2764,-3147,-2173,-3905,-16433,dire,10808.0,15092.0,9231.0,12185.0,8400.0,11383.0,7384.0,9280.0,4763.0,8818.0
148,16635,14640,11724,7930,6998,11670,10322,9377,6922,6665,4965,4318,2347,1008,333,12971,radiant,16045.0,11549.0,14296.0,10332.0,11539.0,9203.0,7996.0,6796.0,7053.0,6621.0
149,12274,13818,9607,9042,7155,14123,10125,10776,7309,7398,-1849,3693,-1169,1733,-243,2165,radiant,11596.0,14116.0,13888.0,10223.0,9719.0,10611.0,8946.0,7298.0,7169.0,7712.0
150,17948,12914,13007,8052,8029,10439,10105,10683,5860,6317,7509,2809,2324,2192,1712,16546,radiant,17868.0,10753.0,13030.0,10194.0,13087.0,10951.0,7866.0,5878.0,8252.0,6280.0
151,17443,18061,15078,10808,6700,12311,11059,10067,7734,5867,5132,7002,5011,3074,833,21052,radiant,17526.0,12335.0,17932.0,10909.0,14965.0,10343.0,10566.0,7588.0,6786.0,5957.0
152,13813,13057,13119,7968,6079,15186,13266,12966,7782,7137,-1373,-209,153,186,-1058,-2301,dire,14342.0,14697.0,13071.0,13172.0,13317.0,13015.0,8348.0,7767.0,6301.0,7086.0
153,13816,8989,8682,5893,5925,13471,12396,11616,6957,5790,345,-3407,-2934,-1064,135,-6925,dire,13739.0,13003.0,8842.0,12070.0,8880.0,11378.0,6126.0,6908.0,6103.0,5837.0
154,18775,12605,8884,7751,7622,18025,14166,11400,7657,6834,750,-1561,-2516,94,788,-2445,dire,19299.0,18078.0,12961.0,14049.0,8856.0,11628.0,8046.0,7811.0,7475.0,6956.0
155,14557,12867,11568,5143,5092,15584,14677,12754,7881,5731,-1027,-1810,-1186,-2738,-639,-7400,dire,15053.0,14742.0,12676.0,14397.0,11604.0,12559.0,5371.0,7790.0,5370.0,5697.0
156,12122,12235,12115,7527,7637,12975,11979,8547,10021,7805,-853,256,3568,-2494,-168,309,dire,12225.0,12516.0,11913.0,11610.0,11934.0,8514.0,7627.0,9743.0,7657.0,7620.0
157,13559,11914,9546,10277,7893,17736,14223,10490,10458,7727,-4177,-2309,-944,-181,166,-7445,dire,13396.0,17424.0,11969.0,13893.0,9705.0,10007.0,10390.0,10249.0,8015.0,7565.0
158,13668,11616,10554,5953,6340,19101,13902,11925,7467,7502,-5433,-2286,-1371,-1514,-1162,-11766,dire,13419.0,18035.0,11611.0,13591.0,10553.0,11337.0,5829.0,7115.0,6291.0,7191.0
159,12020,11947,11805,9226,5243,13361,12335,10061,7317,7499,-1341,-388,1744,1909,-2256,-332,dire,12440.0,12756.0,12113.0,11323.0,12004.0,9973.0,9066.0,6948.0,5479.0,7318.0
160,13889,14204,13322,6243,7949,19631,11940,12937,8793,6012,-5742,2264,385,-2550,1937,-3706,radiant,14042.0,19510.0,13926.0,12197.0,12851.0,13151.0,6181.0,9027.0,8080.0,6239.0
161,20039,15508,14224,9002,7538,12103,11385,10705,6492,5628,7936,4123,3519,2510,1910,19998,radiant,19838.0,12253.0,15316.0,10937.0,14384.0,10959.0,9261.0,6631.0,7638.0,5739.0
162,10629,10913,7834,6293,5235,14165,14610,12196,6056,6446,-3536,-3697,-4362,237,-1211,-12569,dire,10390.0,14113.0,10769.0,14514.0,7836.0,12105.0,6358.0,6201.0,5362.0,6576.0
163,13622,13492,12767,8759,6563,13159,10686,9217,7984,5188,463,2806,3550,775,1375,8969,radiant,13646.0,13148.0,13140.0,10499.0,12974.0,9245.0,8503.0,8014.0,6462.0,5402.0
164,16078,14031,12776,9258,7119,15796,10945,10514,6941,5342,282,3086,2262,2317,1777,9724,radiant,16232.0,15755.0,13701.0,10579.0,12704.0,9977.0,9393.0,6673.0,7130.0,5257.0
165,13730,12601,9600,6639,6828,13645,15218,12406,8939,7961,85,-2617,-2806,-2300,-1133,-8771,dire,14067.0,13366.0,12437.0,14924.0,9349.0,12199.0,6140.0,8941.0,6845.0,7896.0
166,15622,12168,11446,7279,5478,14313,11084,10812,6145,6445,1309,1084,634,1134,-967,3194,dire,15653.0,13766.0,11880.0,11006.0,11268.0,10631.0,7086.0,6235.0,5503.0,6647.0
167,16569,14239,13078,7155,5497,15310,11268,9683,7694,6212,1259,2971,3395,-539,-715,6371,radiant,15443.0,15072.0,14009.0,11366.0,13014.0,9641.0,6907.0,7612.0,5423.0,6474.0
168,13344,11657,10716,7088,5979,15560,15875,13348,9228,7658,-2216,-4218,-2632,-2140,-1679,-12885,dire,13400.0,14520.0,11686.0,15503.0,10738.0,13350.0,7395.0,9194.0,6270.0,7490.0
169,14186,12739,12333,8625,7289,13811,14473,11070,7403,7307,375,-1734,1263,1222,-18,1108,dire,13870.0,13395.0,12390.0,14285.0,12580.0,10562.0,8923.0,7191.0,7489.0,7167.0
170,12556,11815,12175,6724,5060,16458,13914,13966,12410,6659,-3902,-2099,-1791,-5686,-1599,-15077,dire,12802.0,16278.0,11757.0,13288.0,12558.0,13788.0,7089.0,11958.0,5314.0,6655.0
171,19465,15357,10577,7243,6839,14520,12832,12812,5916,5923,4945,2525,-2235,1327,916,7478,radiant,19125.0,14342.0,15003.0,12693.0,10291.0,12977.0,7467.0,5768.0,6609.0,5816.0
172,15167,10301,10144,6014,5742,14436,11869,10726,6867,6496,731,-1568,-582,-853,-754,-3026,dire,14948.0,14421.0,10246.0,11409.0,9801.0,10438.0,5699.0,6557.0,5151.0,6625.0
173,17532,12603,9782,7899,7711,15766,11533,9377,6908,6525,1766,1070,405,991,1186,5418,radiant,17420.0,15600.0,12703.0,11652.0,10067.0,9435.0,8003.0,6892.0,7994.0,6699.0
174,19475,11685,10503,8416,7801,13031,10752,10114,9343,7859,6444,933,389,-927,-58,6781,radiant,19431.0,12646.0,11802.0,10908.0,10413.0,10187.0,8341.0,9474.0,7986.0,7742.0
175,12706,11546,10735,6430,5654,16047,14398,11047,6999,6095,-3341,-2852,-312,-569,-441,-7515,dire,12763.0,15484.0,11489.0,13559.0,10889.0,10598.0,6403.0,6921.0,5811.0,6292.0
176,16154,15141,13493,9556,5961,12005,11274,10463,5420,4039,4149,3867,3030,4136,1922,17104,radiant,15615.0,12342.0,14677.0,10943.0,12679.0,10635.0,8930.0,5359.0,5673.0,4281.0
177,17655,15024,10180,8987,7012,11622,11286,10540,8216,7485,6033,3738,-360,771,-473,9709,radiant,17692.0,11434.0,14932.0,11412.0,10432.0,10300.0,9123.0,8534.0,7023.0,7806.0
178,14180,13064,10504,9404,5406,14438,13501,10757,7256,5277,-258,-437,-253,2148,129,1329,radiant,14391.0,14104.0,11666.0,13539.0,10230.0,10570.0,9167.0,6885.0,5059.0,5449.0
179,15320,12956,9436,6580,4416,21220,15076,16656,9144,8531,-5900,-2120,-7220,-2564,-4115,-21919,dire,15527.0,21198.0,13028.0,14790.0,9413.0,16368.0,6398.0,9058.0,4598.0,8239.0
180,16207,14224,12533,6748,7149,15737,9970,9521,6066,5524,470,4254,3012,682,1625,10043,radiant,15970.0,16023.0,14236.0,9810.0,12613.0,9726.0,6872.0,6142.0,7360.0,5770.0
181,14207,12418,11759,7724,6885,12652,15439,12526,6999,6196,1555,-3021,-767,725,689,-819,dire,14298.0,12410.0,12185.0,15380.0,11457.0,12712.0,7675.0,7273.0,6886.0,6445.0
182,14420,11834,11066,7507,6283,17953,17247,16749,8970,8347,-3533,-5413,-5683,-1463,-2064,-18156,dire,13858.0,18262.0,11042.0,17560.0,11052.0,16781.0,7582.0,9183.0,6330.0,8631.0
183,13571,10523,8387,5284,4758,13764,13311,11899,7329,7128,-193,-2788,-3512,-2045,-2370,-10908,dire,13913.0,13054.0,10664.0,12928.0,8486.0,12025.0,5213.0,7505.0,4916.0,7151.0
184,13755,12647,11265,8017,5561,9762,13097,10945,6760,6604,3993,-450,320,1257,-1043,4077,dire,13320.0,9463.0,12430.0,13135.0,11169.0,11121.0,7825.0,6967.0,5503.0,6682.0
185,13793,12730,9784,6385,6641,13994,11046,12069,8084,5925,-201,1684,-2285,-1699,716,-1785,dire,14038.0,13900.0,12515.0,11480.0,9840.0,11849.0,6128.0,8218.0,6817.0,6024.0
186,20401,12210,14045,8192,6694,16044,14217,10698,7299,7731,4357,-2007,3347,893,-1037,5553,radiant,20101.0,15862.0,12026.0,13816.0,14054.0,10754.0,8343.0,7260.0,6959.0,7760.0
187,15994,14303,11167,6660,4701,14324,14276,12224,7186,5352,1670,27,-1057,-526,-651,-537,radiant,16311.0,14367.0,14081.0,14699.0,10900.0,12471.0,6822.0,7430.0,4836.0,5635.0
188,18446,13793,14131,10688,7908,13625,13453,11676,6202,5382,4821,340,2455,4486,2526,14628,radiant,18190.0,13310.0,13283.0,12954.0,14180.0,11704.0,10814.0,6264.0,7677.0,5606.0
189,13742,12338,11954,7466,6155,16423,13959,12146,6977,6370,-2681,-1621,-192,489,-215,-4220,dire,13525.0,16051.0,11970.0,13762.0,11885.0,11958.0,7470.0,6541.0,6302.0,6381.0
190,13898,11365,9982,6284,4870,17927,15566,12670,7930,8253,-4029,-4201,-2688,-1646,-3383,-15947,dire,13333.0,17156.0,11120.0,15758.0,9575.0,12153.0,5907.0,7612.0,4972.0,7948.0
191,20808,14618,12807,8739,8490,10849,9300,8962,7182,5779,9959,5318,3845,1557,2711,23390,radiant,20530.0,10666.0,14808.0,9015.0,13074.0,8660.0,8972.0,6968.0,8595.0,5704.0
192,15487,14169,13003,11516,6521,11042,9784,10079,6830,6045,4445,4385,2924,4686,476,16916,radiant,15251.0,10443.0,14289.0,9724.0,13264.0,9814.0,11648.0,6749.0,6598.0,5998.0
193,15124,14456,13541,9275,8573,14716,10472,7608,6906,5121,408,3984,5933,2369,3452,16146,radiant,15497.0,14656.0,14750.0,10691.0,13759.0,7685.0,9435.0,7106.0,8709.0,5303.0
194,13719,12546,11439,9061,9464,14793,13721,15887,6398,6059,-1074,-1175,-4448,2663,3405,-629,dire,12933.0,15488.0,12365.0,13841.0,11437.0,14892.0,9382.0,6699.0,8885.0,6333.0
195,12987,12759,12595,10643,10539,19026,15353,15185,12566,10515,-6039,-2594,-2590,-1923,24,-13122,dire,13219.0,17722.0,13236.0,14511.0,12963.0,15430.0,10989.0,11928.0,10964.0,10107.0
196,15972,11176,11790,6537,6284,16017,12542,7526,7868,5626,-45,-1366,4264,-1331,658,2180,radiant,14396.0,16189.0,10303.0,12399.0,10435.0,7606.0,6544.0,8132.0,6412.0,5737.0
197,14934,10708,14066,6017,7286,11052,10298,8993,9378,7198,3882,410,5073,-3361,88,6092,dire,14739.0,11192.0,10277.0,9895.0,13873.0,8689.0,6346.0,9419.0,7381.0,7269.0
198,13478,12689,12108,7820,6503,16361,15122,13652,9610,9252,-2883,-2433,-1544,-1790,-2749,-11399,dire,13115.0,15397.0,12588.0,14694.0,11693.0,12999.0,7604.0,9408.0,6430.0,9132.0
199,12740,12137,9218,5829,5222,14058,12608,10514,6849,5585,-1318,-471,-1296,-1020,-363,-4468,dire,12585.0,13839.0,12186.0,12451.0,9039.0,10420.0,6111.0,6778.0,5464.0,5788.0
200,22521,12875,10133,8480,6711,11532,10671,10368,6976,5697,10989,2204,-235,1504,1014,15476,radiant,22106.0,11570.0,12764.0,10889.0,9987.0,10519.0,8199.0,6860.0,6365.0,5833.0
201,13237,12447,11453,7329,7190,17218,10179,11816,8795,6910,-3981,2268,-363,-1466,280,-3262,dire,12385.0,16857.0,12551.0,10381.0,11342.0,11379.0,7312.0,8969.0,6724.0,7070.0
202,15816,11023,7137,5835,5141,17382,14430,11783,10187,8473,-1566,-3407,-4646,-4352,-3332,-17303,dire,16420.0,17516.0,11371.0,14896.0,7368.0,12298.0,6026.0,10318.0,5232.0,8767.0
203,16017,14217,13661,7947,6002,12624,11357,9441,4912,4036,3393,2860,4220,3035,1966,15474,radiant,15947.0,12400.0,14039.0,11370.0,13176.0,9732.0,7972.0,5016.0,5965.0,4092.0
204,11593,11040,7127,5253,5860,13651,12088,11346,9503,7338,-2058,-1048,-4219,-4250,-1478,-13053,dire,11031.0,13317.0,10934.0,11886.0,7131.0,11229.0,5411.0,9640.0,5585.0,7014.0
205,16043,12623,11019,7248,8547,10167,10087,9673,10185,5526,5876,2536,1346,-2937,3021,9842,radiant,16073.0,10040.0,12830.0,9900.0,10981.0,9803.0,7506.0,10155.0,8904.0,5478.0
206,12157,9667,10546,7494,5669,15130,12948,7851,8522,7704,-2973,-3281,2695,-1028,-2035,-6622,dire,12073.0,15478.0,9680.0,12572.0,10731.0,8034.0,7715.0,8701.0,5649.0,8037.0
207,17551,11044,11054,7418,6434,11958,10414,9370,7372,6300,5593,630,1684,46,134,8087,radiant,17330.0,12204.0,10870.0,10296.0,11218.0,9455.0,7500.0,7727.0,6421.0,6476.0
208,14127,11308,12035,10358,9350,14174,14681,8911,6109,5214,-47,-3373,3124,4249,4136,8089,radiant,14525.0,13400.0,11155.0,13878.0,12276.0,9272.0,10393.0,5962.0,8908.0,4875.0
209,15009,11874,10029,9911,7162,12316,12395,9584,6288,5902,2693,-521,445,3623,1260,7500,radiant,14810.0,12143.0,11522.0,12560.0,10418.0,9722.0,10322.0,6409.0,7174.0,6096.0
210,17451,15229,13437,9879,7221,11465,12802,9190,6407,6811,5986,2427,4247,3472,410,16542,radiant,17601.0,11683.0,15205.0,12245.0,13674.0,8884.0,9765.0,6282.0,7379.0,6867.0
211,12135,13518,11760,7281,5853,15595,9485,8468,5127,5193,-3460,4033,3292,2154,660,6679,radiant,11836.0,15125.0,13612.0,9513.0,11597.0,8818.0,7113.0,5375.0,5864.0,5404.0
212,14802,14261,13406,6257,5835,15650,10328,11425,6433,5323,-848,3933,1981,-176,512,5402,radiant,14030.0,14853.0,13718.0,10194.0,13291.0,11247.0,6153.0,6225.0,5729.0,5074.0
213,14863,12407,11775,5877,5553,13357,11200,12823,7073,4945,1506,1207,-1048,-1196,608,1077,dire,14772.0,13281.0,12762.0,11062.0,12028.0,12657.0,6154.0,7269.0,5564.0,5076.0
214,18506,13058,12396,7545,7227,14976,11512,10907,6043,5263,3530,1546,1489,1502,1964,10031,radiant,18488.0,14330.0,13096.0,11472.0,12113.0,10518.0,7534.0,6205.0,7247.0,5480.0
215,14597,13899,12233,10370,7451,14503,11944,9493,6548,5486,94,1955,2740,3822,1965,10576,radiant,14492.0,14644.0,13617.0,12193.0,12211.0,9757.0,10491.0,6814.0,7788.0,5554.0
216,17167,14868,14274,9851,7410,15915,13165,11681,7444,6717,1252,1703,2593,2407,693,8648,radiant,17230.0,14805.0,14862.0,12972.0,14097.0,11602.0,9625.0,7144.0,7535.0,6408.0
217,16283,11181,9118,9053,8362,17446,14325,11862,6400,6311,-1163,-3144,-2744,2653,2051,-2347,radiant,15563.0,16877.0,11106.0,14318.0,9275.0,11256.0,9378.0,6268.0,7809.0,6112.0
218,14808,14757,13793,7615,6154,14919,11061,11134,6781,6405,-111,3696,2659,834,-251,6827,radiant,14232.0,13838.0,14335.0,11108.0,13747.0,10733.0,7603.0,7020.0,6201.0,6254.0
219,15263,14288,11933,6708,5609,15339,10420,11176,7364,4975,-76,3868,757,-656,634,4527,radiant,14833.0,14901.0,13917.0,10260.0,11960.0,10920.0,6623.0,7381.0,5663.0,5017.0
220,12770,11646,8970,8328,6974,12951,14924,12540,7924,8640,-181,-3278,-3570,404,-1666,-8291,dire,11836.0,13214.0,11095.0,14688.0,8779.0,12430.0,7554.0,7812.0,6214.0,8820.0
221,13880,10523,10950,6333,4903,14685,14106,11523,8180,7427,-805,-3583,-573,-1847,-2524,-9332,dire,13641.0,14403.0,10438.0,13986.0,11039.0,11325.0,6589.0,8093.0,5065.0,7501.0
222,14068,11403,10401,7571,5513,9938,8702,6743,4624,4297,4130,2701,3658,2947,1216,14652,radiant,13794.0,10275.0,10621.0,8859.0,10038.0,6839.0,7513.0,4853.0,5167.0,4315.0
223,13098,13132,9623,6483,5559,14113,13045,8975,10530,7431,-1015,87,648,-4047,-1872,-6199,dire,12385.0,13781.0,13512.0,12623.0,9628.0,8314.0,6516.0,10336.0,5792.0,7511.0
224,12843,13634,12519,7353,6134,10612,9239,8015,7523,7143,2231,4395,4504,-170,-1009,9951,radiant,12618.0,10580.0,13562.0,9200.0,12242.0,8180.0,7492.0,7165.0,6425.0,6982.0
225,10236,13093,14065,7888,5193,11389,13251,9207,6807,5401,-1153,-158,4858,1081,-208,4420,radiant,10469.0,11405.0,13525.0,12525.0,13864.0,8802.0,7844.0,5919.0,5317.0,5159.0
226,13480,13122,11813,6783,4459,15198,13490,9590,7859,5927,-1718,-368,2223,-1076,-1468,-2407,radiant,13667.0,15060.0,12974.0,13331.0,12073.0,9571.0,6357.0,7861.0,4597.0,6020.0
227,20394,14784,13039,8292,7128,11993,11537,10715,7024,6503,8401,3247,2324,1268,625,15865,radiant,20334.0,11231.0,14778.0,11296.0,12573.0,11070.0,8495.0,7412.0,7406.0,6765.0
228,13596,13101,12294,7761,6286,12216,12715,7276,8938,6029,1380,386,5018,-1177,257,5864,radiant,13569.0,11909.0,12884.0,12222.0,12261.0,7498.0,7904.0,8953.0,6424.0,6067.0
229,11292,9743,8605,4875,4544,14825,14531,12720,8296,7600,-3533,-4788,-4115,-3421,-3056,-18913,dire,11427.0,14303.0,9741.0,14436.0,8748.0,12555.0,4911.0,8343.0,4686.0,7746.0
230,17008,13098,13063,7217,8928,12452,11980,8713,8768,6238,4556,1118,4350,-1551,2690,11163,radiant,16588.0,13012.0,13447.0,11965.0,12879.0,9172.0,7060.0,9017.0,9093.0,6507.0
231,17000,11912,10396,7963,5513,19618,13248,10501,7663,6752,-2618,-1336,-105,300,-1239,-4998,radiant,16966.0,19328.0,11683.0,12968.0,10385.0,10797.0,8040.0,7892.0,5599.0,6977.0
232,14927,14333,13906,9747,7984,11885,10105,9566,7439,6040,3042,4228,4340,2308,1944,15862,radiant,14974.0,12115.0,14467.0,10080.0,13904.0,9848.0,9766.0,7484.0,8219.0,6198.0
233,18524,13333,14323,4724,4254,16809,13659,12286,8554,4543,1715,-326,2037,-3830,-289,-693,radiant,17537.0,16586.0,13469.0,13569.0,13782.0,11790.0,4384.0,8607.0,4290.0,4712.0
234,12392,13634,11871,7104,6339,12558,11794,11895,7171,6298,-166,1840,-24,-67,41,1624,radiant,12189.0,13000.0,13175.0,11658.0,11601.0,11995.0,7127.0,7169.0,6450.0,6225.0
235,16330,14458,9546,8440,7977,15179,15313,13439,7953,7654,1151,-855,-3893,487,323,-2787,dire,15823.0,15029.0,14148.0,15359.0,9599.0,12829.0,8157.0,8073.0,8224.0,7306.0
236,13978,12255,11071,8434,7945,16414,13533,14788,6826,6033,-2436,-1278,-3717,1608,1912,-3911,radiant,13439.0,17161.0,12051.0,13458.0,10929.0,14695.0,8626.0,6786.0,8059.0,6088.0
237,11241,10903,10946,6192,5530,15912,12758,9369,7738,6887,-4671,-1855,1577,-1546,-1357,-7852,radiant,11557.0,16103.0,10761.0,12518.0,10116.0,9230.0,5961.0,7508.0,5617.0,6911.0
238,11917,11926,11938,5595,6399,13282,9554,10804,6088,5914,-1365,2372,1134,-493,485,2133,radiant,11358.0,13325.0,11811.0,9836.0,11357.0,10772.0,5795.0,5990.0,6265.0,6029.0
239,15555,12984,7894,8043,7591,13730,14177,10822,6654,5845,1825,-1193,-2928,1389,1746,839,dire,15475.0,13929.0,12914.0,13911.0,8196.0,11245.0,8302.0,6676.0,7841.0,5803.0
240,14459,11742,11106,5878,5848,16661,12745,10779,8064,5500,-2202,-1003,327,-2186,348,-4716,dire,14360.0,16228.0,11774.0,12392.0,11073.0,10590.0,6139.0,8110.0,6142.0,5636.0
241,13831,11796,10477,7629,6689,17994,15759,12653,7852,7827,-4163,-3963,-2176,-223,-1138,-11663,dire,13545.0,16651.0,11778.0,14679.0,10808.0,11194.0,7499.0,7351.0,6292.0,6817.0
242,13400,10101,10077,6917,6348,14946,12576,11602,7437,5218,-1546,-2475,-1525,-520,1130,-4936,radiant,13123.0,14165.0,9990.0,11862.0,9580.0,10297.0,6744.0,6747.0,6197.0,5217.0
243,23079,19594,17396,10907,9685,13687,12674,10884,7200,6257,9392,6920,6512,3707,3428,29959,radiant,22107.0,13957.0,19389.0,12935.0,16653.0,11209.0,10730.0,7216.0,9331.0,6298.0
244,20159,15133,12491,9587,5700,12641,11830,11239,6816,5066,7518,3303,1252,2771,634,15478,radiant,19895.0,12858.0,14907.0,11854.0,12452.0,11134.0,9433.0,7091.0,5826.0,5296.0
245,15392,12041,11103,8277,6074,15231,13398,10763,6963,6480,161,-1357,340,1314,-406,52,dire,15091.0,14981.0,12103.0,13317.0,11036.0,10341.0,8366.0,6986.0,6087.0,6514.0
246,10862,11185,10161,7176,5480,12008,12538,11511,7507,5195,-1146,-1353,-1350,-331,285,-3895,dire,10710.0,12182.0,10719.0,12254.0,10337.0,11613.0,7467.0,7364.0,5647.0,5216.0
247,13668,12795,14527,7683,7773,13008,12335,8474,9459,5637,660,460,6053,-1776,2136,7533,dire,13766.0,12295.0,13052.0,12062.0,14742.0,8270.0,7896.0,9315.0,8047.0,5420.0
248,14817,13436,12783,7979,7113,11005,12126,12177,6686,6210,3812,1310,606,1293,903,7924,radiant,14651.0,11052.0,13133.0,12055.0,12789.0,11857.0,8181.0,6683.0,7280.0,6099.0
249,12324,14318,13541,7727,7748,13139,11134,10213,7621,6090,-815,3184,3328,106,1658,7461,radiant,11938.0,13467.0,14458.0,11267.0,13636.0,9935.0,7600.0,7404.0,7932.0,6123.0
250,15546,12907,11815,7098,8188,17565,11714,10826,7321,5181,-2019,1193,989,-223,3007,2947,radiant,15232.0,17313.0,12594.0,11676.0,11975.0,11081.0,6552.0,7441.0,7777.0,5294.0
251,16976,11647,11475,7121,6269,20217,15525,13825,8405,8063,-3241,-3878,-2350,-1284,-1794,-12547,radiant,16550.0,20414.0,11552.0,15408.0,11220.0,14000.0,6801.0,8641.0,5790.0,8057.0
252,11168,10704,11131,7058,5253,12201,11284,12252,7383,6221,-1033,-580,-1121,-325,-968,-4027,radiant,10964.0,11894.0,10773.0,11052.0,11192.0,12093.0,7187.0,7080.0,5440.0,6280.0
253,15631,12353,9559,10638,5959,10769,9438,8823,6831,5666,4862,2915,736,3807,293,12613,radiant,15483.0,11039.0,12207.0,9434.0,9755.0,9096.0,11036.0,7143.0,6216.0,5900.0
254,14406,14900,14745,5948,4784,14195,13121,11490,8122,4774,211,1779,3255,-2174,10,3081,dire,14421.0,13562.0,14741.0,13262.0,14648.0,11037.0,5841.0,7963.0,5011.0,4880.0
255,13572,15271,11889,7083,6179,13278,12352,10962,7871,7228,294,2919,927,-788,-1049,2303,dire,13419.0,12924.0,15751.0,12048.0,11507.0,11223.0,6894.0,7368.0,6004.0,6951.0
256,14385,13524,11762,7585,7668,12767,11631,10657,5854,6095,1618,1893,1105,1731,1573,7920,radiant,14289.0,12428.0,13451.0,11168.0,11677.0,10393.0,7650.0,5808.0,7597.0,6037.0
257,14578,13747,12760,8472,7549,15378,14369,12636,6400,5237,-800,-622,124,2072,2312,3086,dire,14451.0,14602.0,13847.0,14002.0,12019.0,12852.0,8796.0,6234.0,6741.0,4992.0
258,18380,16077,10349,8699,6703,14536,14146,12815,6399,5033,3844,1931,-2466,2300,1670,7279,radiant,17661.0,15138.0,15510.0,14615.0,10252.0,12842.0,8796.0,6670.0,6579.0,5303.0
259,15663,12696,11871,8182,5309,15771,13932,13252,9638,5855,-108,-1236,-1381,-1456,-546,-4727,radiant,14896.0,15937.0,12693.0,13831.0,11336.0,13715.0,8233.0,9902.0,5550.0,6020.0
260,19248,11912,11383,9260,6424,10665,9786,7835,5661,5324,8583,2126,3548,3599,1100,18956,radiant,18900.0,10631.0,12222.0,9469.0,11655.0,7987.0,9317.0,5895.0,6699.0,5452.0
261,15626,14172,12790,7539,6466,18424,15252,14813,7228,7283,-2798,-1080,-2023,311,-817,-6407,dire,14917.0,18230.0,14320.0,15312.0,12752.0,14771.0,7420.0,7196.0,6371.0,7429.0
262,15593,13435,11169,8901,6695,13580,10964,8432,6364,6309,2013,2471,2737,2537,386,10144,radiant,15077.0,13768.0,13564.0,10510.0,11077.0,8378.0,8786.0,6564.0,6469.0,5969.0
263,17038,13851,12119,9617,8751,11038,10442,8636,6864,5482,6000,3409,3483,2753,3269,18914,radiant,16300.0,11480.0,13400.0,9996.0,11972.0,8846.0,9321.0,7133.0,8568.0,5446.0
264,16446,15650,11980,7728,7653,14263,11934,11936,6000,5919,2183,3716,44,1728,1734,9405,dire,16176.0,14791.0,15872.0,12372.0,12001.0,11776.0,7650.0,5984.0,7761.0,5479.0
265,13629,11712,10578,7111,7221,16127,13478,12450,8238,5963,-2498,-1766,-1872,-1127,1258,-6005,dire,13283.0,15620.0,12067.0,13918.0,10562.0,12895.0,7278.0,8474.0,7437.0,6203.0
266,16896,16242,14265,8221,6647,11872,11383,7759,7068,5473,5024,4859,6506,1153,1174,18716,radiant,15861.0,12246.0,15789.0,11646.0,13792.0,8051.0,7886.0,7266.0,5940.0,5698.0
267,19062,15915,13841,6737,6584,13748,12701,14353,8554,7157,5314,3214,-512,-1817,-573,5626,radiant,18928.0,13398.0,15431.0,13093.0,13839.0,14155.0,6857.0,8817.0,6643.0,7207.0
268,13921,13233,10332,6964,6173,12798,15282,14064,6887,7399,1123,-2049,-3732,77,-1226,-5807,dire,13349.0,12598.0,13133.0,15456.0,10271.0,14335.0,7118.0,7072.0,6013.0,7330.0
269,15566,12784,8348,6804,6953,11365,9619,9403,7256,6652,4201,3165,-1055,-452,301,6160,radiant,15124.0,11491.0,11901.0,9670.0,8048.0,9183.0,6415.0,7558.0,6993.0,6297.0
270,14961,13143,10294,5177,6357,15257,11490,10880,6767,6477,-296,1653,-586,-1590,-120,-939,dire,14959.0,15223.0,13266.0,11141.0,9584.0,11136.0,4983.0,6882.0,6027.0,6533.0
271,14935,12889,13532,7444,6942,16606,11529,10373,8005,7396,-1671,1360,3159,-561,-454,1833,radiant,14817.0,15602.0,13244.0,11496.0,13540.0,10383.0,7526.0,7709.0,7060.0,6746.0
272,13070,13350,9270,10469,6966,17421,15200,12425,7853,6447,-4351,-1850,-3155,2616,519,-6221,dire,13338.0,16877.0,13866.0,13861.0,9621.0,11750.0,10806.0,7289.0,6817.0,6129.0
273,13695,11159,10522,7729,8417,14033,13098,11404,7758,8728,-338,-1939,-882,-29,-311,-3499,radiant,13223.0,14002.0,11496.0,13230.0,10208.0,11266.0,7354.0,7728.0,7780.0,8886.0
274,18192,12305,11106,7668,7619,16366,11023,8768,6237,6555,1826,1282,2338,1431,1064,7941,radiant,18097.0,16314.0,12644.0,10807.0,11176.0,8797.0,7787.0,6427.0,7705.0,6305.0
275,17038,17402,14803,11245,7583,15127,17827,11617,10761,8039,1911,-425,3186,484,-456,4700,radiant,16793.0,15201.0,17668.0,18209.0,14683.0,11376.0,11247.0,10914.0,7722.0,8224.0
276,16223,16065,10285,8234,7293,12699,11622,8755,8887,6197,3524,4443,1530,-653,1096,9940,radiant,15135.0,12753.0,15898.0,11570.0,9879.0,8446.0,8076.0,8531.0,7373.0,6274.0
277,17785,12787,13084,8926,8246,13541,12791,13058,7964,8717,4244,-4,26,962,-471,4757,dire,17570.0,13440.0,12317.0,13068.0,12949.0,13153.0,8941.0,7810.0,8192.0,8891.0
278,18382,15932,11823,9696,8665,12993,12276,12026,6714,6022,5389,3656,-203,2982,2643,14467,radiant,18099.0,12875.0,15139.0,12086.0,11467.0,11934.0,9464.0,6873.0,8445.0,5994.0
279,15791,14553,8797,7226,5208,12260,13203,9369,5837,5034,3531,1350,-572,1389,174,5872,radiant,15376.0,12265.0,14408.0,13353.0,9179.0,9323.0,7304.0,6044.0,5464.0,5181.0
280,13974,13992,12566,8237,6123,15490,9654,10106,6480,7008,-1516,4338,2460,1757,-885,6154,dire,13704.0,15143.0,13838.0,9609.0,12409.0,10264.0,8242.0,6280.0,6352.0,6962.0
281,16030,13397,14250,8348,8178,12107,10444,10744,9957,6019,3923,2953,3506,-1609,2159,10932,radiant,16235.0,12305.0,13152.0,10602.0,14269.0,10781.0,8502.0,10136.0,8399.0,6196.0
282,16071,10863,11950,9581,6906,15700,14129,10059,8180,6655,371,-3266,1891,1401,251,648,dire,15778.0,15985.0,10485.0,14455.0,11614.0,10011.0,9722.0,8402.0,7176.0,6875.0
283,11385,11811,10847,7809,7108,15362,15599,9804,7044,6010,-3977,-3788,1043,765,1098,-4859,dire,11786.0,15516.0,11690.0,15869.0,11202.0,10190.0,8183.0,7097.0,7067.0,6289.0
284,12279,13996,7625,5892,5625,15423,10888,9331,7294,6519,-3144,3108,-1706,-1402,-894,-4038,dire,12066.0,15224.0,13243.0,10590.0,7738.0,9389.0,6066.0,7371.0,5530.0,6614.0
285,13846,13421,13357,9924,7841,11555,10308,8101,6556,5070,2291,3113,5256,3368,2771,16799,radiant,13343.0,11449.0,13436.0,10590.0,12889.0,8137.0,9875.0,6562.0,7953.0,5095.0
286,14188,15192,10807,7428,5868,9763,10413,8696,5594,4506,4425,4779,2111,1834,1362,14511,radiant,13577.0,9900.0,14395.0,10761.0,10808.0,8390.0,7270.0,5110.0,5571.0,4394.0
287,13328,10739,9806,6532,4549,16606,15005,14560,10911,7783,-3278,-4266,-4754,-4379,-3234,-19911,dire,10923.0,16318.0,8736.0,14288.0,8631.0,14222.0,5265.0,10742.0,3624.0,7574.0
288,8873,7950,5996,5134,4258,20990,14370,13716,8387,7545,-12117,-6420,-7720,-3253,-3287,-32797,dire,8925.0,20497.0,8091.0,13952.0,6069.0,13758.0,5248.0,8288.0,4210.0,7425.0
289,16565,13969,13700,10776,10291,10444,8877,8601,6300,5766,6121,5092,5099,4476,4525,25313,radiant,15937.0,10771.0,13505.0,9189.0,13045.0,8909.0,10513.0,6524.0,9726.0,5989.0
290,14430,12743,13049,7578,6079,14024,13875,11001,6706,5501,406,-1132,2048,872,578,2772,radiant,14538.0,14350.0,12879.0,13793.0,12655.0,11285.0,7306.0,6493.0,6042.0,5709.0
291,15204,11537,8696,7168,6748,14942,13351,9485,7024,5921,262,-1814,-789,144,827,-1370,radiant,14261.0,15134.0,10921.0,13387.0,8168.0,9453.0,7018.0,7116.0,6421.0,6060.0
292,12214,11759,11274,9559,7069,15000,10105,10249,11843,6623,-2786,1654,1025,-2284,446,-1945,dire,11269.0,15150.0,11503.0,10400.0,11263.0,10683.0,9157.0,12314.0,6814.0,6907.0
293,13477,11846,10945,6439,6117,19006,12782,12328,7729,6439,-5529,-936,-1383,-1290,-322,-9460,dire,13181.0,18548.0,11551.0,13137.0,10779.0,11646.0,6217.0,7844.0,6203.0,6551.0
294,17995,12642,11314,10248,5120,14631,12962,13252,7675,6864,3364,-320,-1938,2573,-1744,1935,radiant,17871.0,14828.0,12447.0,13014.0,11525.0,11935.0,10441.0,8007.0,5174.0,6564.0
295,14622,9922,12840,6263,5611,14754,12906,6713,11435,7530,-132,-2984,6127,-5172,-1919,-4080,dire,14142.0,14926.0,9727.0,13353.0,12797.0,6958.0,6358.0,11751.0,5678.0,7676.0
296,14319,12941,12064,7330,6825,19821,11256,9552,8866,6714,-5502,1685,2512,-1536,111,-2730,dire,14405.0,19608.0,13163.0,10953.0,11738.0,9613.0,7196.0,9256.0,6629.0,6577.0
297,16558,11674,9283,6614,5623,13231,12419,10441,6858,7023,3327,-745,-1158,-244,-1400,-220,radiant,16602.0,12460.0,11621.0,12175.0,9002.0,10457.0,6820.0,6549.0,5639.0,6625.0
298,16659,14027,12158,7081,5571,13126,13168,13530,6861,7673,3533,859,-1372,220,-2102,1138,radiant,16073.0,13261.0,13908.0,12982.0,11670.0,13297.0,6787.0,6744.0,5390.0,7518.0
299,11188,10689,9571,6190,5046,15446,14536,13285,9034,8140,-4258,-3847,-3714,-2844,-3094,-17757,dire,11042.0,15505.0,10847.0,15020.0,9139.0,13007.0,6081.0,9250.0,5193.0,7891.0
300,9643,8197,8074,6774,6440,15588,13679,12560,8198,7384,-5945,-5482,-4486,-1424,-944,-18281,dire,8044.0,15558.0,7740.0,13348.0,7971.0,12139.0,6149.0,8149.0,5590.0,7456.0
301,16898,12882,10518,7205,5110,16688,12428,11039,6508,7140,210,454,-521,697,-2030,-1190,dire,16515.0,16033.0,12572.0,12007.0,10346.0,11128.0,7181.0,6631.0,4960.0,7214.0
302,15757,14640,10993,7638,8532,15757,9778,10251,9468,6759,0,4862,742,-1830,1773,5547,radiant,15517.0,15724.0,14220.0,9499.0,11015.0,10105.0,7699.0,9502.0,8736.0,6625.0
303,17192,15030,12303,8254,8994,13313,12659,11044,8580,7247,3879,2371,1259,-326,1747,8930,radiant,17348.0,13529.0,14703.0,12763.0,11933.0,11256.0,8124.0,8516.0,9077.0,7312.0
304,19826,12911,12044,7160,7528,15509,13751,13482,7508,6629,4317,-840,-1438,-348,899,2590,dire,19223.0,15816.0,11767.0,14149.0,11521.0,13773.0,6909.0,7413.0,7350.0,6807.0
305,21486,15672,14419,11502,10231,15113,11253,10691,8097,5859,6373,4419,3728,3405,4372,22297,radiant,20229.0,14722.0,15317.0,11263.0,14236.0,10822.0,10749.0,8159.0,9774.0,5882.0
306,16249,12870,10016,8439,6807,13513,12762,10060,6833,5717,2736,108,-44,1606,1090,5496,radiant,16458.0,13200.0,12775.0,12543.0,10153.0,10010.0,8088.0,6794.0,6946.0,5829.0
307,18118,12456,12214,5993,5471,12292,11831,9708,8401,6684,5826,625,2506,-2408,-1213,5336,radiant,18035.0,12678.0,12644.0,12276.0,12529.0,9871.0,6129.0,8709.0,5704.0,6751.0
308,17127,13859,13187,6091,5119,14688,14200,13302,8072,6669,2439,-341,-115,-1981,-1550,-1548,dire,17261.0,14526.0,13874.0,13954.0,13094.0,13106.0,6259.0,8158.0,5308.0,6891.0
309,17095,12516,9984,9678,8484,13034,11700,13135,8171,5724,4061,816,-3151,1507,2760,5993,radiant,15948.0,13016.0,12271.0,11754.0,9804.0,13506.0,9448.0,8591.0,8419.0,5963.0
310,13434,14112,12460,8260,7084,20034,13377,13448,8034,7180,-6600,735,-988,226,-96,-6723,dire,13640.0,20117.0,14346.0,13866.0,12213.0,13916.0,8188.0,8357.0,6976.0,7403.0
311,15186,11995,12796,7836,5720,15279,12646,10515,6807,5661,-93,-651,2281,1029,59,2625,dire,14682.0,15422.0,11136.0,12981.0,12925.0,10856.0,7408.0,6774.0,5633.0,5707.0
312,12180,11471,8382,8181,6768,15653,11595,9587,7776,6239,-3473,-124,-1205,405,529,-3868,dire,12635.0,15360.0,11612.0,11802.0,8561.0,9366.0,8176.0,8115.0,6970.0,6195.0
313,16604,15161,12719,9322,7483,17088,12688,11381,8024,7313,-484,2473,1338,1298,170,4795,radiant,16359.0,16835.0,15272.0,12459.0,12541.0,11374.0,9399.0,7930.0,7640.0,7281.0
314,10816,10320,7953,8228,5779,15469,14886,10770,6916,6940,-4653,-4566,-2817,1312,-1161,-11885,dire,10522.0,15446.0,10054.0,14982.0,7721.0,10968.0,8197.0,7072.0,5927.0,6865.0
315,12979,12261,12356,6757,7051,22401,12370,11523,8136,7346,-9422,-109,833,-1379,-295,-10372,dire,13383.0,22676.0,12376.0,12003.0,12635.0,11231.0,6966.0,8211.0,6971.0,7388.0
316,12596,12474,7257,7217,8174,16596,12994,12389,9425,7031,-4000,-520,-5132,-2208,1143,-10717,dire,12537.0,16607.0,12578.0,13265.0,7383.0,12525.0,7096.0,9374.0,8450.0,7252.0
317,11404,12058,10393,6232,6169,15128,11457,9810,9085,7792,-3724,601,583,-2853,-1623,-7016,radiant,11131.0,15156.0,11621.0,11525.0,10558.0,9497.0,6306.0,9295.0,6263.0,8018.0
318,16377,13319,14552,9298,7962,19028,13576,12049,7477,6447,-2651,-257,2503,1821,1515,2931,dire,15978.0,18402.0,13713.0,12806.0,14717.0,11799.0,9270.0,7139.0,7905.0,6656.0
319,12608,9749,9109,9289,7374,16476,12104,11534,8145,9277,-3868,-2355,-2425,1144,-1903,-9407,dire,12429.0,16819.0,9927.0,11791.0,9039.0,11751.0,9328.0,7949.0,7487.0,9299.0
320,12074,11840,11218,8312,7521,15536,11517,11216,8518,7564,-3462,323,2,-206,-43,-3386,dire,11903.0,15882.0,11453.0,11574.0,10968.0,11135.0,8113.0,8785.0,7622.0,7669.0
321,9837,11103,9227,8015,5754,15780,10295,10839,7523,6506,-5943,808,-1612,492,-752,-7007,dire,9746.0,15337.0,11394.0,10176.0,9084.0,11093.0,8101.0,7740.0,5950.0,6507.0
322,18551,14737,13382,10580,7558,13105,11317,12836,6113,6245,5446,3420,546,4467,1313,15192,radiant,18773.0,13290.0,14749.0,11638.0,13361.0,13148.0,10509.0,6339.0,7690.0,6514.0
323,12720,15151,11689,6892,5154,11229,10109,10585,6028,6573,1491,5042,1104,864,-1419,7082,radiant,12560.0,11349.0,15005.0,9991.0,11785.0,10343.0,6699.0,6197.0,5136.0,6407.0
324,13862,11987,11578,5436,3987,19249,14955,12813,8969,5144,-5387,-2968,-1235,-3533,-1157,-14280,dire,13845.0,19492.0,11431.0,14305.0,11539.0,12762.0,5627.0,9151.0,4167.0,5223.0
325,16295,14430,12407,8633,8042,14010,11678,11065,8386,6207,2285,2752,1342,247,1835,8461,radiant,16072.0,14084.0,13979.0,10991.0,12525.0,11329.0,8596.0,8429.0,8158.0,6049.0
326,14484,12866,12197,8116,6584,14498,11359,10751,7049,6192,-14,1507,1446,1067,392,4398,radiant,14262.0,14479.0,12813.0,11528.0,11978.0,11176.0,8028.0,6948.0,6839.0,6413.0
327,13293,9625,9545,7775,6650,13927,13980,13672,8928,7597,-634,-4355,-4127,-1153,-947,-11216,dire,13484.0,13849.0,9623.0,13611.0,9651.0,13966.0,7927.0,8939.0,6584.0,7615.0
328,14954,13054,12474,11053,9991,10461,10385,9507,6653,6587,4493,2669,2967,4400,3404,17933,radiant,14811.0,10474.0,12997.0,10051.0,11743.0,9759.0,10758.0,6755.0,9848.0,6771.0
329,13966,12703,10755,6536,6275,13590,10274,10063,7884,7755,376,2429,692,-1348,-1480,669,radiant,13697.0,13397.0,12561.0,9992.0,10893.0,9984.0,6675.0,7760.0,6374.0,7781.0
330,14746,12674,13936,9850,6731,12924,10412,8347,7623,4292,1822,2262,5589,2227,2439,14339,radiant,14689.0,13439.0,12531.0,10112.0,13656.0,8498.0,9696.0,7691.0,6755.0,4451.0
331,14058,14213,11862,7478,4906,17402,12919,8902,10003,8815,-3344,1294,2960,-2525,-3909,-5524,dire,13297.0,17238.0,13363.0,13022.0,12029.0,8928.0,7116.0,9948.0,4858.0,8989.0
332,10490,11135,9799,7730,5888,20949,13458,12925,9736,6706,-10459,-2323,-3126,-2006,-818,-18732,dire,10411.0,20808.0,11173.0,13521.0,9937.0,12320.0,8083.0,9693.0,6134.0,6739.0
333,11765,10346,10069,6070,5101,11800,10585,11723,13362,6301,-35,-239,-1654,-7292,-1200,-10420,dire,11717.0,11594.0,10262.0,10732.0,9943.0,11204.0,6101.0,13393.0,5338.0,6371.0
334,12470,9591,7754,6153,5444,12561,12144,11502,8001,7177,-91,-2553,-3748,-1848,-1733,-9973,dire,12184.0,12813.0,9440.0,11856.0,7442.0,11449.0,6138.0,8199.0,5364.0,7250.0
335,21832,12469,11578,8259,7568,13795,11409,9549,8506,5635,8037,1060,2029,-247,1933,12812,radiant,20486.0,14305.0,12302.0,11692.0,11471.0,9740.0,7908.0,8815.0,7375.0,5896.0
336,10880,10698,10264,5828,4437,13863,13931,9606,8817,7261,-2983,-3233,658,-2989,-2824,-11371,dire,10804.0,13598.0,10446.0,13537.0,10471.0,9354.0,5979.0,8773.0,4599.0,7293.0
337,13707,12576,10239,9372,5429,14346,10727,11994,7232,6693,-639,1849,-1755,2140,-1264,331,dire,13110.0,14821.0,11819.0,10914.0,9686.0,11585.0,8803.0,7500.0,5478.0,6881.0
338,17055,11491,11527,6922,7318,19139,15757,13955,6857,6796,-2084,-4266,-2428,65,522,-8191,dire,16563.0,18791.0,11699.0,16185.0,11252.0,14126.0,6746.0,6941.0,7084.0,6854.0
339,12772,11964,10432,6898,6083,11927,13428,12224,9786,7234,845,-1464,-1792,-2888,-1151,-6450,dire,12845.0,12021.0,11876.0,13258.0,10535.0,12089.0,6898.0,9927.0,6260.0,6986.0
340,14026,12499,10444,5632,5947,17732,14823,11578,7961,5950,-3706,-2324,-1134,-2329,-3,-9496,dire,13456.0,17394.0,12391.0,14576.0,9626.0,11545.0,5868.0,8001.0,6076.0,6241.0
341,13853,8560,8613,5590,5640,14805,14277,14109,11531,8406,-952,-5717,-5496,-5941,-2766,-20872,dire,14015.0,14052.0,8902.0,13903.0,8907.0,13758.0,5811.0,10839.0,5901.0,7889.0
342,14256,12751,8209,6491,6199,14729,13748,12159,8330,8580,-473,-997,-3950,-1839,-2381,-9640,dire,13896.0,14894.0,12240.0,13855.0,8204.0,12031.0,6533.0,8063.0,6244.0,8657.0
343,15119,11776,9944,5028,5645,15634,12523,13564,7285,6716,-515,-747,-3620,-2257,-1071,-8210,radiant,15201.0,14919.0,11917.0,12704.0,9836.0,13785.0,4985.0,7559.0,5809.0,6920.0
344,16321,14985,14279,8556,8046,11547,10281,9507,5485,4355,4774,4704,4772,3071,3691,21012,radiant,15999.0,11994.0,13716.0,10623.0,13232.0,9868.0,8028.0,5755.0,7590.0,4578.0
345,15023,15143,12373,7551,6796,11319,10633,11038,7716,5432,3704,4510,1335,-165,1364,10748,radiant,15075.0,11259.0,15289.0,10165.0,12750.0,11342.0,7611.0,7879.0,6906.0,5691.0
346,11788,10781,8685,5225,4494,16238,15074,12146,8275,7965,-4450,-4293,-3461,-3050,-3471,-18725,dire,12212.0,16056.0,11019.0,14678.0,8615.0,12139.0,5347.0,8197.0,4623.0,7839.0
347,13798,12243,11468,6731,5587,16369,14364,14159,10591,7995,-2571,-2121,-2691,-3860,-2408,-13651,dire,13790.0,16422.0,12291.0,14118.0,11335.0,13776.0,6963.0,10634.0,5734.0,8269.0
348,12811,12842,12296,7991,5580,11191,11790,12579,8059,5602,1620,1052,-283,-68,-22,2299,dire,12635.0,11028.0,12744.0,11653.0,12245.0,12634.0,8175.0,8216.0,5891.0,5853.0
349,16568,13672,11781,8041,7216,17265,12086,10227,7617,8549,-697,1586,1554,424,-1333,1534,dire,15430.0,17077.0,13200.0,12191.0,11690.0,10252.0,7822.0,7819.0,7414.0,8626.0
350,13053,11622,11194,6850,6568,12716,10213,9991,6564,5487,337,1409,1203,286,1081,4316,radiant,12340.0,12285.0,12045.0,10234.0,11083.0,9933.0,6651.0,6090.0,5696.0,5439.0
351,12050,13247,12021,6777,5482,13230,12548,11011,5630,4637,-1180,699,1010,1147,845,2521,dire,11912.0,12903.0,12999.0,12377.0,11763.0,10861.0,6901.0,5772.0,5628.0,4845.0
352,13237,13531,11625,7809,7530,15106,13308,11267,7332,6959,-1869,223,358,477,571,-240,dire,13341.0,15011.0,13570.0,13251.0,11346.0,11538.0,8067.0,7493.0,7549.0,7116.0
353,17608,15985,13340,7994,6860,13450,13611,11250,7105,5477,4158,2374,2090,889,1383,10894,radiant,17108.0,13474.0,15430.0,13672.0,13242.0,11311.0,7963.0,6958.0,7045.0,5695.0
354,19671,14046,13824,10462,9226,14450,14089,10351,8487,5703,5221,-43,3473,1975,3523,14149,radiant,19774.0,14206.0,14121.0,14324.0,13760.0,10386.0,10790.0,8282.0,9113.0,5790.0
355,15562,14422,12506,6670,6167,14222,12621,10832,7342,5083,1340,1801,1674,-672,1084,5227,radiant,14820.0,14197.0,13786.0,12640.0,12154.0,10694.0,6488.0,7170.0,6209.0,5087.0
356,13867,10950,10687,9702,7388,14675,14228,12361,8437,7919,-808,-3278,-1674,1265,-531,-5026,dire,13203.0,13551.0,11006.0,13729.0,11015.0,12136.0,9905.0,7717.0,7460.0,7228.0
357,15164,11303,11161,10266,7927,13797,14555,11981,7642,7285,1367,-3252,-820,2624,642,561,radiant,14772.0,13790.0,10330.0,14667.0,10511.0,12025.0,9482.0,7396.0,7939.0,6970.0
358,16385,12934,12164,8838,6479,12656,12085,12089,6073,6013,3729,849,75,2765,466,7884,radiant,16374.0,12500.0,12650.0,11825.0,11922.0,12026.0,8780.0,5939.0,6614.0,6226.0
359,17333,12424,11828,8437,6702,13058,9520,9453,5630,5268,4275,2904,2375,2807,1434,13795,radiant,16722.0,13321.0,12106.0,9734.0,11392.0,9740.0,8682.0,5870.0,6889.0,5367.0
360,14637,11573,10894,6971,5177,12843,9204,9865,4542,5287,1794,2369,1029,2429,-110,7511,radiant,14200.0,13106.0,11653.0,9417.0,11295.0,9825.0,7052.0,4781.0,5238.0,5503.0
361,14678,15128,9941,9881,6968,19443,13562,11200,7420,6062,-4765,1566,-1259,2461,906,-1091,radiant,14500.0,19950.0,14736.0,13283.0,9749.0,11483.0,10035.0,7389.0,6835.0,6254.0
362,16603,11671,11924,10550,7771,11466,10475,9191,7264,6597,5137,1196,2733,3286,1174,13526,radiant,16264.0,11147.0,11891.0,10297.0,11707.0,8995.0,10353.0,6678.0,7967.0,6789.0
363,14353,12293,11342,6947,5491,13218,12850,12054,6610,5946,1135,-557,-712,337,-455,-252,radiant,14133.0,13186.0,12151.0,12920.0,10933.0,12152.0,6637.0,6729.0,5532.0,6036.0
364,13182,13109,11676,7329,6147,12570,9961,10759,7153,7348,612,3148,917,176,-1201,3652,radiant,12844.0,12552.0,12677.0,9754.0,11430.0,10446.0,7420.0,7420.0,6085.0,7310.0
365,15459,11849,8955,6995,6464,10945,10772,10938,9353,9095,4514,1077,-1983,-2358,-2631,-1381,radiant,15220.0,10568.0,11603.0,10511.0,8898.0,10548.0,7142.0,9035.0,6344.0,8819.0
366,15327,13196,13509,9025,8062,11822,10562,10325,8257,6448,3505,2634,3184,768,1614,11705,radiant,14705.0,11908.0,12869.0,10527.0,13382.0,10725.0,8855.0,8576.0,7271.0,6626.0
367,14291,14052,12700,11170,6172,15072,11307,9345,5315,5228,-781,2745,3355,5855,944,12118,radiant,14188.0,15161.0,13707.0,11404.0,12523.0,9480.0,10947.0,5403.0,6193.0,5341.0
368,17707,19163,13905,7964,6285,16398,10638,10072,6769,5481,1309,8525,3833,1195,804,15666,radiant,17655.0,16344.0,18657.0,10948.0,13633.0,10185.0,7861.0,7016.0,6292.0,5681.0
369,22308,12982,13926,8731,7284,13002,13053,11525,6776,5642,9306,-71,2401,1955,1642,15233,radiant,22566.0,12863.0,12823.0,13124.0,13964.0,11503.0,8628.0,6800.0,7410.0,5775.0
370,16385,12347,14334,7305,5796,16065,14129,12818,7364,8072,320,-1782,1516,-59,-2276,-2281,dire,16397.0,15589.0,12349.0,13980.0,14477.0,12193.0,7318.0,7023.0,5968.0,7894.0
371,14940,15252,11749,7310,7541,12442,11726,9647,7038,5995,2498,3526,2102,272,1546,9944,radiant,14661.0,13064.0,15191.0,11970.0,11399.0,10050.0,7147.0,7169.0,7510.0,6167.0
372,11966,10845,12144,7059,5820,11979,11762,10570,6462,7082,-13,-917,1574,597,-1262,-21,radiant,11707.0,12247.0,10962.0,11566.0,12496.0,10462.0,7062.0,6547.0,6038.0,7237.0
373,12564,11716,12427,7604,6090,14836,11804,11717,6436,7418,-2272,-88,710,1168,-1328,-1810,radiant,12368.0,15265.0,11679.0,11808.0,12723.0,11743.0,7440.0,6733.0,6087.0,7691.0
374,18599,10698,10531,5885,4595,15416,11746,13020,6731,6775,3183,-1048,-2489,-846,-2180,-3380,dire,19021.0,14783.0,10939.0,11435.0,10917.0,13132.0,5945.0,6590.0,4822.0,6876.0
375,14890,11827,12453,6969,6688,15144,11196,9643,7308,6203,-254,631,2810,-339,485,3333,radiant,14028.0,14790.0,11629.0,11160.0,12062.0,9846.0,6567.0,7318.0,6636.0,6234.0
376,14966,12569,12509,7076,7903,16242,16090,15314,10820,8493,-1276,-3521,-2805,-3744,-590,-11936,dire,14612.0,15886.0,12708.0,16034.0,11965.0,15386.0,7229.0,10993.0,7765.0,8722.0
377,16320,10859,10789,6398,6724,17565,12126,11740,6968,5806,-1245,-1267,-951,-570,918,-3115,dire,16136.0,17157.0,11083.0,11526.0,11016.0,11784.0,6506.0,6928.0,6992.0,5643.0
378,14568,11983,12175,8883,6355,14085,13165,10829,7616,4633,483,-1182,1346,1267,1722,3636,radiant,14266.0,13940.0,12012.0,13201.0,12189.0,11156.0,8768.0,7832.0,5979.0,4729.0
379,15701,11954,11643,7199,6180,16279,11788,12825,9618,5925,-578,166,-1182,-2419,255,-3758,radiant,16080.0,16567.0,11355.0,11504.0,11331.0,12894.0,7293.0,9516.0,5358.0,5429.0
380,14640,11194,10625,6164,5211,15629,12432,11546,7579,6186,-989,-1238,-921,-1415,-975,-5538,dire,14161.0,15620.0,10773.0,12615.0,10691.0,11772.0,6341.0,7689.0,5330.0,6298.0
381,16066,14749,12299,9058,8449,14522,10157,9889,8877,7033,1544,4592,2410,181,1416,10143,radiant,16691.0,14740.0,14435.0,10043.0,12262.0,10039.0,9234.0,8660.0,8674.0,7342.0
382,11403,9931,9593,7491,7857,19940,11710,11150,7521,6331,-8537,-1779,-1557,-30,1526,-10377,dire,11880.0,19403.0,9646.0,11539.0,9665.0,11059.0,7447.0,7516.0,8064.0,6365.0
383,11801,11712,10637,5869,5554,16871,15979,11700,9297,8064,-5070,-4267,-1063,-3428,-2510,-16338,dire,11124.0,16896.0,11888.0,15637.0,10906.0,11946.0,6144.0,9303.0,5580.0,8303.0
384,13452,9779,8947,5499,5478,18377,11837,10762,7659,6739,-4925,-2058,-1815,-2160,-1261,-12219,dire,13505.0,18697.0,9936.0,11839.0,8899.0,10820.0,5631.0,7873.0,5600.0,6800.0
385,12978,12575,10783,8006,6509,14496,16408,10376,9328,8186,-1518,-3833,407,-1322,-1677,-7943,dire,13514.0,14414.0,12402.0,16291.0,10861.0,10294.0,8172.0,9277.0,6644.0,8074.0
386,15050,12750,12752,8862,8391,14517,11497,10860,5383,5207,533,1253,1892,3479,3184,10341,radiant,14872.0,14338.0,13062.0,11652.0,13060.0,10777.0,8945.0,5510.0,8302.0,5228.0
387,13492,11601,10019,7285,6163,12301,10638,11366,7003,5607,1191,963,-1347,282,556,1645,dire,13609.0,11840.0,11405.0,10656.0,10194.0,11421.0,7394.0,7221.0,6380.0,5794.0
388,12733,11238,12330,8596,7720,12310,11347,9776,8156,6866,423,-109,2554,440,854,4162,dire,12154.0,12109.0,11458.0,11286.0,12751.0,9591.0,8621.0,8051.0,7344.0,7051.0
389,13719,10936,11017,9125,5456,17975,12072,11919,6784,7751,-4256,-1136,-902,2341,-2295,-6248,dire,13794.0,17568.0,11244.0,11453.0,11252.0,11411.0,8961.0,6394.0,5650.0,7283.0
390,14636,12473,13564,5618,4837,15978,10433,9495,6966,5576,-1342,2040,4069,-1348,-739,2680,radiant,14637.0,15780.0,12337.0,10095.0,13432.0,9831.0,5707.0,6676.0,4891.0,5800.0
391,13377,13388,10230,8018,6119,15569,13667,15911,6593,6080,-2192,-279,-5681,1425,39,-6688,radiant,13315.0,15151.0,13590.0,13581.0,10346.0,15703.0,7961.0,6685.0,6244.0,6013.0
392,18887,13188,14246,8592,5364,16359,15493,10556,6962,6947,2528,-2305,3690,1630,-1583,3960,radiant,18819.0,16045.0,12843.0,15288.0,14770.0,10677.0,8496.0,6840.0,5493.0,6879.0
393,14965,10252,10756,8668,8194,14149,13192,13520,10677,7088,816,-2940,-2764,-2009,1106,-5791,radiant,14750.0,14132.0,10034.0,12808.0,10772.0,13527.0,8917.0,10609.0,8319.0,7394.0
394,13989,15327,11564,5920,6269,13564,12188,9505,6382,6128,425,3139,2059,-462,141,5302,radiant,13302.0,13984.0,14750.0,12291.0,11334.0,9806.0,5890.0,6584.0,6046.0,6358.0
395,16417,14485,11162,7792,6391,13130,12403,10486,5801,4830,3287,2082,676,1991,1561,9597,radiant,16371.0,13071.0,14465.0,12637.0,11272.0,10666.0,7677.0,5987.0,6567.0,5042.0
396,13433,12882,8379,9867,8510,16860,11791,10977,9105,7079,-3427,1091,-2598,762,1431,-2741,dire,13847.0,16579.0,13381.0,11627.0,8358.0,11091.0,10233.0,8914.0,8811.0,7123.0
397,15662,14178,13157,6931,7145,12013,13469,11015,6507,6003,3649,709,2142,424,1142,8066,radiant,15506.0,12612.0,14344.0,12938.0,13186.0,10853.0,7109.0,6195.0,7439.0,5982.0
398,13433,10848,9210,8863,5894,14924,13062,11797,7659,7229,-1491,-2214,-2587,1204,-1335,-6423,dire,13520.0,14416.0,10595.0,12982.0,9227.0,12021.0,8520.0,7055.0,5569.0,6788.0
399,16885,12342,7923,8694,6146,12614,11764,10996,6639,5821,4271,578,-3073,2055,325,4156,radiant,17073.0,12379.0,12521.0,10981.0,7318.0,10868.0,8791.0,6396.0,6320.0,5633.0
400,11760,11669,10332,5712,4478,18022,13579,11516,8398,6539,-6262,-1910,-1184,-2686,-2061,-14103,dire,12120.0,17673.0,11795.0,13151.0,10458.0,11503.0,5862.0,8612.0,4650.0,6720.0
401,14124,11936,10828,7756,5905,11920,11032,10984,6426,5612,2204,904,-156,1330,293,4575,radiant,13928.0,11866.0,11800.0,11229.0,10425.0,10799.0,7723.0,6390.0,6136.0,5876.0
402,13683,10876,9307,8359,6965,13218,10633,10975,7425,6200,465,243,-1668,934,765,739,radiant,13335.0,13437.0,10555.0,10893.0,9180.0,11265.0,7907.0,7409.0,6401.0,6406.0
403,15410,14142,11702,6069,4892,14371,14026,11070,7089,6583,1039,116,632,-1020,-1691,-924,dire,16029.0,13428.0,13997.0,13459.0,12162.0,10468.0,6274.0,6514.0,5088.0,6203.0
404,12548,12512,13274,9013,8661,13687,12475,13776,9755,8037,-1139,37,-502,-742,624,-1722,dire,12282.0,13286.0,12586.0,12824.0,13412.0,13409.0,8838.0,9896.0,8770.0,7813.0
405,11643,13923,9194,6892,5372,13058,12821,10461,5899,6239,-1415,1102,-1267,993,-867,-1454,radiant,11486.0,13013.0,13966.0,12876.0,9358.0,10041.0,7039.0,6094.0,5589.0,6275.0
406,15825,11837,11938,6669,7922,14208,13023,8410,10587,6143,1617,-1186,3528,-3918,1779,1820,radiant,15359.0,14452.0,11795.0,13383.0,11471.0,8309.0,6594.0,10758.0,8100.0,6259.0
407,14902,14010,11387,6185,5253,12649,9972,9165,5855,5337,2253,4038,2222,330,-84,8759,radiant,14848.0,12563.0,13394.0,9657.0,11416.0,8908.0,6156.0,5834.0,5372.0,5186.0
408,12699,10620,10518,6262,5976,14657,12858,10836,9310,7534,-1958,-2238,-318,-3048,-1558,-9120,radiant,12462.0,14626.0,10475.0,13065.0,10372.0,10679.0,6539.0,8917.0,6127.0,7567.0
409,14447,10740,11137,5397,5230,12313,10824,7706,6106,5730,2134,-84,3431,-709,-500,4272,radiant,13818.0,12484.0,10985.0,10854.0,10744.0,7718.0,5496.0,5944.0,5371.0,5477.0
410,13238,12608,12731,7894,6925,15946,12376,9268,6231,5251,-2708,232,3463,1663,1674,4324,radiant,12828.0,15942.0,12196.0,12427.0,12731.0,9525.0,7633.0,6426.0,6884.0,5476.0
411,14383,13407,10754,9309,7123,11975,11849,11474,7369,5369,2408,1558,-720,1940,1754,6940,radiant,14436.0,11201.0,13699.0,11170.0,10965.0,11276.0,9138.0,7107.0,7350.0,4974.0
412,14890,13815,14117,7183,7209,12182,10729,10622,8517,5646,2708,3086,3495,-1334,1563,9518,radiant,14719.0,11780.0,13556.0,10773.0,14207.0,10075.0,7162.0,8460.0,7312.0,5454.0
413,13991,11962,13961,7266,6969,12598,12596,9706,7087,5488,1393,-634,4255,179,1481,6674,dire,14238.0,13043.0,11898.0,12791.0,13810.0,9829.0,7573.0,7165.0,6927.0,5709.0
414,16091,9114,9256,7526,6284,17178,12482,10366,9158,7884,-1087,-3368,-1110,-1632,-1600,-8797,dire,16263.0,16960.0,9056.0,12543.0,9258.0,10289.0,7692.0,9307.0,6495.0,7668.0
415,16176,11871,9642,9685,7232,14265,13044,10465,8072,7465,1911,-1173,-823,1613,-233,1295,radiant,15630.0,13927.0,11900.0,13346.0,9596.0,10832.0,9697.0,8429.0,7438.0,7606.0
416,11693,10815,9798,6482,5080,14673,11341,9962,8503,5855,-2980,-526,-164,-2021,-775,-6466,dire,11395.0,13956.0,10829.0,11312.0,9876.0,9883.0,6656.0,8413.0,5222.0,5804.0
417,12950,13968,9447,7964,5456,15952,13140,10297,7874,6546,-3002,828,-850,90,-1090,-4024,dire,13098.0,15589.0,13632.0,12492.0,9537.0,10028.0,7738.0,7751.0,5732.0,6370.0
418,13008,13156,11449,7054,6243,12073,13670,9554,7803,5606,935,-514,1895,-749,637,2204,radiant,12797.0,11835.0,13115.0,13245.0,10901.0,9570.0,7190.0,7864.0,6397.0,5657.0
419,14059,14315,12306,9523,8139,11886,12621,8441,5478,5169,2173,1694,3865,4045,2970,14747,radiant,13614.0,11984.0,14071.0,12202.0,12185.0,8504.0,9481.0,5347.0,7720.0,5399.0
420,15917,13346,11544,6770,7057,12448,9126,8215,7734,3855,3469,4220,3329,-964,3202,13256,radiant,15682.0,12155.0,13189.0,8961.0,11426.0,8552.0,6834.0,7872.0,7144.0,4048.0
421,13064,11162,9806,7410,5979,13305,13348,13947,7867,7201,-241,-2186,-4141,-457,-1222,-8247,dire,13384.0,13482.0,10826.0,13164.0,9362.0,13461.0,7296.0,7803.0,5671.0,7156.0
422,12314,11874,9647,7736,6069,13128,14164,11972,7271,5244,-814,-2290,-2325,465,825,-4139,radiant,12260.0,13504.0,11984.0,14022.0,9744.0,11918.0,7404.0,7036.0,6129.0,5489.0
423,16742,15742,12668,8331,7653,15486,10991,10720,7295,5267,1256,4751,1948,1036,2386,11377,radiant,16706.0,15352.0,15742.0,10827.0,12740.0,10943.0,8185.0,7577.0,7967.0,5346.0
424,11640,12461,10451,6434,5598,14790,16193,13296,7171,6436,-3150,-3732,-2845,-737,-838,-11302,dire,11559.0,14168.0,12129.0,16077.0,10703.0,13031.0,6683.0,7315.0,5701.0,6432.0
425,13667,14146,11143,9091,7546,12642,14020,10980,9672,8013,1025,126,163,-581,-467,266,dire,12196.0,12594.0,14715.0,13507.0,11510.0,10860.0,9192.0,9070.0,7851.0,8096.0
426,14401,13764,9870,7626,6444,15756,12766,10355,6952,6162,-1355,998,-485,674,282,114,dire,13956.0,15711.0,14141.0,13233.0,9876.0,10355.0,7668.0,7152.0,6452.0,6312.0
427,15333,13715,13079,9136,9133,14994,13813,8862,7531,8777,339,-98,4217,1605,356,6419,radiant,15362.0,13876.0,13385.0,14109.0,12870.0,8840.0,9196.0,7141.0,9281.0,8696.0
428,13628,12406,10639,6406,7048,14145,11918,10050,6434,6383,-517,488,589,-28,665,1197,dire,14130.0,13305.0,12097.0,11685.0,10660.0,9594.0,6588.0,6217.0,7082.0,6150.0
429,14539,13499,12296,7992,6727,13789,9744,9049,8602,5941,750,3755,3247,-610,786,7928,radiant,14443.0,13538.0,13693.0,9726.0,12170.0,8904.0,8139.0,8542.0,6838.0,5936.0
430,13129,11327,10591,8003,7266,14705,14437,10720,9717,7779,-1576,-3110,-129,-1714,-513,-7042,dire,13000.0,14378.0,11482.0,14341.0,10684.0,10540.0,7973.0,9534.0,7457.0,8080.0
431,10646,10040,11088,7376,6369,10634,10784,9587,5313,6675,12,-744,1501,2063,-306,2526,dire,10502.0,10320.0,10051.0,9984.0,11257.0,9465.0,7392.0,4784.0,6143.0,6224.0
432,12495,9334,8904,6981,5447,13385,12262,10243,7548,6733,-890,-2928,-1339,-567,-1286,-7010,radiant,12337.0,13292.0,9336.0,12031.0,9218.0,10142.0,7278.0,7695.0,5623.0,6446.0
433,15310,11808,11506,9153,6704,14190,10016,9958,6648,4882,1120,1792,1548,2505,1822,8787,radiant,15309.0,13728.0,11772.0,10073.0,11665.0,9689.0,9610.0,6736.0,6935.0,4874.0
434,12939,10511,11048,6882,6634,13977,9479,11537,8264,6144,-1038,1032,-489,-1382,490,-1387,dire,12730.0,14185.0,10253.0,9351.0,10775.0,11563.0,6822.0,8266.0,6795.0,6180.0
435,14658,14140,13644,6710,6577,14256,13469,9747,5702,4880,402,671,3897,1008,1697,7675,radiant,14928.0,14066.0,13950.0,13005.0,13795.0,10092.0,6807.0,5871.0,6730.0,5078.0
436,16819,14088,12527,9434,6820,14928,11910,11116,8524,5393,1891,2178,1411,910,1427,7817,dire,16858.0,14594.0,14007.0,12074.0,12918.0,11253.0,9565.0,8623.0,6993.0,5405.0
437,14103,13419,11536,9399,7111,13866,13019,9514,7625,6861,237,400,2022,1774,250,4683,radiant,14062.0,13568.0,13600.0,13157.0,11901.0,9583.0,9363.0,7493.0,7325.0,6942.0
438,12077,11382,11417,9588,7200,9950,9445,7670,3473,3894,2127,1937,3747,6115,3306,17232,radiant,12223.0,10378.0,11067.0,9526.0,11551.0,7348.0,9633.0,3662.0,7302.0,3946.0
439,15238,14849,9787,7926,7655,7724,7559,6630,3668,3466,7514,7290,3157,4258,4189,26408,radiant,14861.0,7668.0,14813.0,7770.0,9481.0,6884.0,7691.0,3846.0,7062.0,3640.0
440,12304,9176,8853,6433,5292,12639,10224,9659,6011,5711,-335,-1048,-806,422,-419,-2186,dire,12006.0,12667.0,9036.0,10144.0,8771.0,9697.0,6472.0,6049.0,5509.0,5966.0
441,17440,11683,11996,8731,6867,11195,10062,6262,6215,5047,6245,1621,5734,2516,1820,17936,radiant,17581.0,9477.0,11741.0,7673.0,11918.0,6133.0,8917.0,5741.0,6930.0,4948.0
442,11645,12609,11210,7492,5084,15014,11379,11343,7977,4851,-3369,1230,-133,-485,233,-2524,dire,11551.0,14359.0,12702.0,11054.0,11403.0,11356.0,7708.0,7888.0,5319.0,4758.0
443,15070,11780,8505,5950,5581,17224,14114,10010,8305,6658,-2154,-2334,-1505,-2355,-1077,-9425,dire,14855.0,16884.0,11725.0,14139.0,8499.0,10101.0,6228.0,8555.0,5856.0,6842.0
444,13433,11469,10957,7486,6743,16086,12615,9375,8077,7114,-2653,-1146,1582,-591,-371,-3179,dire,13956.0,15650.0,11847.0,12284.0,10859.0,9355.0,7810.0,8187.0,6994.0,6975.0
445,19036,11304,12150,8887,6861,12377,11728,10263,5709,7304,6659,-424,1887,3178,-443,10857,radiant,17749.0,12841.0,10891.0,11387.0,11705.0,10466.0,8521.0,5937.0,6927.0,7629.0
446,15621,10564,13468,8942,6119,13875,10530,10938,7451,6290,1746,34,2530,1491,-171,5630,radiant,14987.0,12281.0,10255.0,10138.0,12852.0,11153.0,8668.0,7332.0,6292.0,6000.0
447,11968,12186,10376,6569,5162,15214,14407,14163,9363,6950,-3246,-2221,-3787,-2794,-1788,-13836,dire,12243.0,14415.0,12293.0,13752.0,10753.0,14067.0,6824.0,8925.0,5324.0,6734.0
448,13328,12241,8977,7289,5543,13988,12713,11944,8288,6279,-660,-472,-2967,-999,-736,-5834,dire,13436.0,13425.0,12291.0,12996.0,8499.0,11710.0,7402.0,8507.0,5727.0,6422.0
449,16550,12217,10424,7623,5820,14484,11870,10188,9216,6571,2066,347,236,-1593,-751,305,dire,16044.0,14962.0,11560.0,12019.0,10321.0,10149.0,7658.0,9370.0,5641.0,6824.0
450,12857,11217,10742,6445,4359,13397,11495,10379,7278,6989,-540,-278,363,-833,-2630,-3918,dire,12628.0,13224.0,11121.0,11015.0,10836.0,10535.0,6487.0,6963.0,4176.0,7070.0
451,16740,13374,13136,7953,7751,13616,10571,9375,5538,5346,3124,2803,3761,2415,2405,14508,radiant,15723.0,13805.0,12801.0,10421.0,12249.0,9246.0,7359.0,5559.0,7300.0,5288.0
452,14950,11915,11154,9699,5055,13001,11838,10549,6620,5614,1949,77,605,3079,-559,5151,radiant,15078.0,12855.0,11371.0,12174.0,10796.0,10913.0,9194.0,6515.0,5170.0,5801.0
453,14245,15440,12156,8003,7188,14637,12995,10386,6898,6109,-392,2445,1770,1105,1079,6007,radiant,14207.0,14305.0,15412.0,10738.0,12022.0,10106.0,8102.0,6731.0,7410.0,5518.0
454,17637,13604,11524,6978,5587,14134,13737,12354,5862,6169,3503,-133,-830,1116,-582,3074,radiant,17538.0,13972.0,13088.0,13269.0,11321.0,11984.0,7165.0,5911.0,5726.0,6052.0
455,14023,13042,11394,6483,5659,16098,10829,13069,9113,7325,-2075,2213,-1675,-2630,-1666,-5833,radiant,13779.0,15741.0,12508.0,10755.0,11492.0,13592.0,6200.0,9480.0,5659.0,7229.0
456,11954,11227,11572,5485,5732,17637,13782,11943,9039,8093,-5683,-2555,-371,-3554,-2361,-14524,dire,12190.0,17536.0,10988.0,13454.0,11010.0,11817.0,5751.0,9104.0,5250.0,8109.0
457,10345,11953,12638,8072,6232,18668,12830,11272,7274,5054,-8323,-877,1366,798,1178,-5858,dire,10421.0,17874.0,11447.0,12774.0,12568.0,11090.0,7927.0,7387.0,6180.0,5080.0
458,14977,14038,9747,11610,7638,12956,9128,9529,5007,6006,2021,4910,218,6603,1632,15384,dire,14863.0,13004.0,13585.0,8926.0,9690.0,9760.0,11695.0,5144.0,7899.0,6101.0
459,13459,9175,10802,7391,7223,13477,13406,12219,10465,7372,-18,-4231,-1417,-3074,-149,-8889,dire,12978.0,13429.0,9335.0,13445.0,10975.0,12135.0,7457.0,10551.0,7165.0,7438.0
460,11940,11293,10635,8667,7572,15141,12725,13273,8028,6302,-3201,-1432,-2638,639,1270,-5362,dire,11759.0,15257.0,11041.0,12902.0,10726.0,13314.0,8875.0,7841.0,7420.0,6346.0
461,13161,13371,12495,9971,7140,11593,11182,10639,6576,4942,1568,2189,1856,3395,2198,11206,radiant,13287.0,11999.0,12917.0,11024.0,12223.0,10966.0,9390.0,6472.0,6974.0,5094.0
462,11575,8275,8901,8324,6897,18735,13430,12202,10273,8802,-7160,-5155,-3301,-1949,-1905,-19470,dire,11632.0,18506.0,8277.0,13351.0,9167.0,12005.0,8592.0,10077.0,7103.0,8987.0
463,12021,11612,9807,11014,6513,11763,12724,11457,8480,7032,258,-1112,-1650,2534,-519,-489,dire,12151.0,11432.0,11563.0,12691.0,9604.0,11384.0,10814.0,8563.0,6469.0,6836.0
464,13756,11906,9699,9110,6777,16734,12213,10386,9282,8575,-2978,-307,-687,-172,-1798,-5942,dire,13785.0,16791.0,11636.0,11801.0,9755.0,10423.0,9262.0,9202.0,6775.0,8512.0
465,15049,11078,7986,5203,5578,17936,11754,10704,7351,6674,-2887,-676,-2718,-2148,-1096,-9525,dire,14910.0,18215.0,10629.0,11638.0,7954.0,10518.0,5083.0,7211.0,5538.0,6723.0
466,15596,15707,13041,8755,6585,15770,10386,9923,6267,6221,-174,5321,3118,2488,364,11117,radiant,15703.0,15004.0,15434.0,10240.0,12171.0,10240.0,8552.0,6302.0,6380.0,6364.0
467,18490,13762,14187,7717,7076,10668,9630,8857,6993,4902,7822,4132,5330,724,2174,20182,radiant,18027.0,10502.0,13389.0,9695.0,14022.0,8867.0,7801.0,7154.0,7207.0,4926.0
468,13856,12147,11436,7911,7112,15899,12540,10829,6273,5380,-2043,-393,607,1638,1732,1541,dire,13610.0,15909.0,12413.0,12517.0,11193.0,10631.0,8036.0,5986.0,6989.0,5622.0
469,15056,13028,11409,9420,6329,12700,11987,11260,7142,6609,2356,1041,149,2278,-280,5544,radiant,15009.0,12535.0,13391.0,11961.0,11791.0,10989.0,9619.0,7195.0,6579.0,6669.0
470,15320,15371,14515,9817,9361,11940,8383,8629,5809,5988,3380,6988,5886,4008,3373,23635,radiant,14820.0,12287.0,14757.0,8553.0,14336.0,8770.0,9681.0,5953.0,9169.0,6156.0
471,15945,11172,10656,8366,5521,14048,14256,12012,8318,5944,1897,-3084,-1356,48,-423,-2918,radiant,15556.0,14136.0,11313.0,13983.0,11047.0,11445.0,8687.0,7441.0,5765.0,5258.0
472,14062,10898,10148,5805,5591,13296,12318,10050,11881,6957,766,-1420,98,-6076,-1366,-7998,dire,13661.0,12941.0,10816.0,12344.0,10260.0,9987.0,5763.0,11684.0,5732.0,6963.0
473,14804,13261,12305,8509,5469,18003,13507,12075,8947,5485,-3199,-246,230,-438,-16,-3669,dire,14439.0,18435.0,12939.0,13447.0,11743.0,11968.0,8314.0,8958.0,5698.0,5539.0
474,14957,10750,12259,7445,5770,12550,11411,11180,6741,5983,2407,-661,1079,704,-213,3316,dire,15204.0,11743.0,11208.0,11080.0,12469.0,10648.0,7479.0,6262.0,6010.0,5828.0
475,14903,13376,13002,8432,5669,12604,11680,10319,6858,3855,2299,1696,2683,1574,1814,10066,radiant,14564.0,12376.0,13780.0,11751.0,12094.0,10330.0,7820.0,7145.0,5477.0,3995.0
476,15192,12065,10778,8229,5802,15882,12115,11961,6919,6450,-690,-50,-1183,1310,-648,-1261,dire,15513.0,15696.0,11986.0,10939.0,10743.0,10490.0,7990.0,6374.0,5975.0,6112.0
477,12408,10569,10853,8027,6079,12999,12981,11114,8200,7650,-591,-2412,-261,-173,-1571,-5008,dire,12377.0,12504.0,10405.0,12810.0,10638.0,11206.0,8028.0,8249.0,6300.0,7684.0
478,14174,11072,12303,9197,7364,16354,10254,10160,5373,5912,-2180,818,2143,3824,1452,6057,radiant,13716.0,16102.0,10587.0,9682.0,12435.0,9939.0,9258.0,5213.0,7391.0,6128.0
479,13991,10039,9997,6451,5593,16327,12964,12382,5938,5894,-2336,-2925,-2385,513,-301,-7434,radiant,14423.0,15789.0,10168.0,12330.0,10278.0,11751.0,6525.0,6123.0,5466.0,5989.0
480,15386,15306,13988,7713,7096,12480,10281,8890,5462,4749,2906,5025,5098,2251,2347,17627,radiant,14790.0,12918.0,14008.0,10588.0,12639.0,9137.0,6889.0,5647.0,6399.0,4970.0
481,13845,12152,12914,7245,5535,12627,12554,11735,7191,5843,1218,-402,1179,54,-308,1741,radiant,13933.0,12446.0,12243.0,12184.0,12681.0,11499.0,7209.0,7505.0,5634.0,6090.0
482,15457,11896,10970,9815,6609,15174,14226,13549,7636,6514,283,-2330,-2579,2179,95,-2352,radiant,15514.0,14534.0,11791.0,14220.0,11010.0,13994.0,9850.0,7948.0,6783.0,6779.0
483,13204,10871,13176,6155,6270,11850,11757,10182,7635,7471,1354,-886,2994,-1480,-1201,781,radiant,13148.0,11825.0,10983.0,11693.0,12924.0,10067.0,6421.0,7660.0,6352.0,7430.0
484,16001,10374,10401,8881,7179,17246,12703,11288,6800,5971,-1245,-2329,-887,2081,1208,-1172,dire,15475.0,17248.0,9857.0,12732.0,10243.0,11609.0,8572.0,7054.0,6918.0,6192.0
485,13779,12377,12015,7270,4951,16290,15755,11712,10121,7282,-2511,-3378,303,-2851,-2331,-10768,dire,14287.0,17023.0,12631.0,15497.0,12293.0,11742.0,7153.0,10553.0,5045.0,7537.0
486,19341,14795,11915,9195,8157,12992,9540,8298,7124,6433,6349,5255,3617,2071,1724,19016,radiant,18644.0,13027.0,14171.0,9493.0,11993.0,8380.0,9330.0,7454.0,8144.0,6747.0
487,14245,12733,12577,5897,5632,14902,13448,10766,8607,6081,-657,-715,1811,-2710,-449,-2720,dire,14451.0,14881.0,13023.0,13070.0,12343.0,10560.0,6149.0,8791.0,5642.0,6184.0
488,16965,12096,9326,8260,5790,16130,11550,10257,5580,5124,835,546,-931,2680,666,3796,radiant,16913.0,16109.0,11711.0,11418.0,9274.0,10067.0,8188.0,5688.0,5528.0,5147.0
489,12330,12014,11122,7021,6347,14612,12815,12813,6781,6499,-2282,-801,-1691,240,-152,-4686,dire,12174.0,14563.0,12116.0,12400.0,11145.0,12874.0,7087.0,6676.0,6267.0,6730.0
490,15484,13406,12105,6319,6913,14692,14446,14400,6960,5179,792,-1040,-2295,-641,1734,-1450,dire,14736.0,14749.0,12756.0,14265.0,11606.0,14577.0,6439.0,7114.0,6338.0,5440.0
491,16212,17870,12957,7139,7855,15181,12475,12426,7556,5515,1031,5395,531,-417,2340,8880,radiant,15874.0,15087.0,17016.0,12549.0,12419.0,12339.0,6544.0,7849.0,7483.0,5643.0
492,13859,14350,13906,11048,4476,13156,12845,12071,7109,6240,703,1505,1835,3939,-1764,6218,dire,13817.0,12835.0,14160.0,12267.0,14425.0,11801.0,10573.0,7035.0,4674.0,6463.0
493,15566,13319,12399,9126,8528,15110,10543,10406,8452,6755,456,2776,1993,674,1773,7672,radiant,15365.0,15066.0,12998.0,11015.0,12679.0,10304.0,9205.0,8609.0,8819.0,7035.0
494,14232,14513,10482,6254,3224,14185,11993,11564,7286,5276,47,2520,-1082,-1032,-2052,-1599,radiant,13562.0,13838.0,14538.0,12189.0,10345.0,11027.0,6368.0,7617.0,3224.0,5139.0
495,15029,12676,11098,9954,7319,15308,10297,8947,6589,5115,-279,2379,2151,3365,2204,9820,radiant,14587.0,15296.0,12197.0,10632.0,10843.0,8797.0,10004.0,6827.0,7503.0,5300.0
496,13592,11622,8460,9813,5416,15955,11954,11774,7661,8429,-2363,-332,-3314,2152,-3013,-6870,radiant,13456.0,15787.0,11486.0,12234.0,8455.0,11737.0,10144.0,7782.0,5633.0,8322.0
497,13569,12719,11546,5764,5335,14768,10742,11627,10989,5869,-1199,1977,-81,-5225,-534,-5062,dire,13477.0,14868.0,12478.0,10720.0,11292.0,11627.0,5975.0,10972.0,5512.0,6011.0
498,13958,11856,10476,5974,5108,13718,11395,12707,8671,5734,240,461,-2231,-2697,-626,-4853,dire,13335.0,13579.0,11998.0,11347.0,10387.0,12822.0,6212.0,8711.0,5323.0,5813.0
499,16270,14551,11310,7262,7206,15095,10687,10431,6490,5313,1175,3864,879,772,1893,8583,radiant,16148.0,15085.0,14591.0,11079.0,11308.0,10444.0,7313.0,6430.0,7298.0,5445.0
500,11618,12204,12253,8604,6129,15169,11212,9790,7273,5572,-3551,992,2463,1331,557,1792,radiant,11232.0,14330.0,12532.0,11398.0,12336.0,9573.0,8429.0,7252.0,6205.0,5287.0
501,14902,14101,14257,8893,4924,15651,12211,11882,6944,5919,-749,1890,2375,1949,-995,4470,radiant,14527.0,15610.0,13579.0,11985.0,14567.0,11941.0,9008.0,6718.0,5170.0,6174.0
502,12639,12847,11941,6425,6799,13265,13324,11596,7193,7343,-626,-477,345,-768,-544,-2070,radiant,12637.0,13071.0,12827.0,13503.0,11551.0,11360.0,6454.0,7388.0,6949.0,7289.0
503,12444,11282,11580,6231,5899,14334,11324,10264,7513,6223,-1890,-42,1316,-1282,-324,-2222,dire,12282.0,14125.0,11598.0,11485.0,11676.0,10482.0,6106.0,7735.0,5652.0,6334.0
504,17573,10349,10474,8148,9011,19654,12583,9916,8080,5873,-2081,-2234,558,68,3138,-551,radiant,17459.0,19931.0,10103.0,12219.0,10177.0,9476.0,7929.0,8117.0,8937.0,5818.0
505,12896,13233,12207,6023,5947,13421,13133,10009,9973,8912,-525,100,2198,-3950,-2965,-5142,dire,12806.0,13222.0,13625.0,13112.0,12696.0,10116.0,6190.0,9359.0,6244.0,8963.0
506,15894,12428,10554,11327,6270,12119,12302,9844,5601,5275,3775,126,710,5726,995,11332,radiant,15470.0,11919.0,11876.0,12695.0,10702.0,10160.0,10941.0,5809.0,6318.0,5526.0
507,13647,13384,8647,9578,8287,11548,13879,13113,8080,8488,2099,-495,-4466,1498,-201,-1565,radiant,12482.0,11505.0,12828.0,14381.0,7878.0,13472.0,9192.0,8436.0,7789.0,8520.0
508,13387,12795,10638,6742,6438,13259,11582,11885,5887,5771,128,1213,-1247,855,667,1616,radiant,13093.0,12997.0,12238.0,11325.0,10444.0,11760.0,6667.0,5851.0,5805.0,5744.0
509,16726,13303,13188,7984,4852,18573,11960,7992,9809,6261,-1847,1343,5196,-1825,-1409,1458,radiant,16238.0,18452.0,13168.0,12051.0,12978.0,7339.0,7815.0,9488.0,4956.0,6257.0
510,12742,10467,9534,8356,6318,17051,12900,11929,7567,6523,-4309,-2433,-2395,789,-205,-8553,dire,13222.0,15768.0,10363.0,11992.0,9311.0,11377.0,8351.0,6916.0,6171.0,5992.0
511,15481,14360,11970,9469,7111,12886,12591,10344,5650,5809,2595,1769,1626,3819,1302,11111,radiant,15513.0,13179.0,14229.0,12201.0,12140.0,10497.0,9338.0,5637.0,6840.0,5733.0
512,13830,10444,12099,5956,5913,12423,12072,10300,6502,6372,1407,-1628,1799,-546,-459,573,dire,13832.0,12403.0,10281.0,11967.0,11779.0,10423.0,5854.0,6645.0,5921.0,6393.0
513,13191,11586,9261,4747,5565,13656,13640,10208,7454,7421,-465,-2054,-947,-2707,-1856,-8029,dire,13547.0,13679.0,11405.0,13531.0,9118.0,10153.0,4957.0,7388.0,5774.0,7540.0
514,14689,14534,13508,8116,6422,12244,11476,13258,5479,5631,2445,3058,250,2637,791,9181,radiant,14336.0,12288.0,14366.0,11064.0,13579.0,12999.0,7820.0,5699.0,5448.0,5855.0
515,14477,13186,12465,6692,5795,10338,10683,9488,5553,6167,4139,2503,2977,1139,-372,10386,radiant,14379.0,10209.0,12732.0,10813.0,11966.0,9207.0,6572.0,5716.0,5758.0,6150.0
516,8736,10472,8166,5847,4578,13903,9825,9691,5915,6123,-5167,647,-1525,-68,-1545,-7658,dire,8484.0,14407.0,10715.0,9830.0,8011.0,9803.0,5677.0,5995.0,4557.0,6010.0
517,13881,10355,9820,7560,5880,11717,7499,6253,4707,4242,2164,2856,3567,2853,1638,13078,radiant,13693.0,11829.0,10150.0,7364.0,9551.0,6177.0,7502.0,4874.0,5796.0,4426.0
518,13594,12620,12872,7203,6118,11918,10722,9418,6297,5769,1676,1898,3454,906,349,8283,radiant,13473.0,11817.0,12735.0,10598.0,12570.0,9775.0,7259.0,6604.0,6007.0,5985.0
519,12409,11935,8380,7555,5975,13533,13432,12960,8284,8109,-1124,-1497,-4580,-729,-2134,-10064,dire,12456.0,13781.0,11417.0,13455.0,8667.0,12939.0,7740.0,8697.0,6177.0,7942.0
520,12597,12155,9597,8161,5348,12744,12104,10236,7730,6296,-147,51,-639,431,-948,-1252,dire,12389.0,12411.0,12103.0,11844.0,9839.0,10165.0,7858.0,7972.0,5448.0,6147.0
521,12281,9728,8032,7221,5443,13201,10517,10686,6085,4524,-920,-789,-2654,1136,919,-2308,dire,12524.0,12093.0,9342.0,10811.0,7951.0,10474.0,7356.0,5789.0,5189.0,4601.0
522,14094,12275,10188,7107,7587,14191,12097,12527,8075,9876,-97,178,-2339,-968,-2289,-5515,radiant,13432.0,14330.0,11835.0,12323.0,9592.0,12750.0,7251.0,8150.0,7608.0,10102.0
523,14467,10406,10332,7716,6274,11598,12445,12829,9258,7878,2869,-2039,-2497,-1542,-1604,-4813,radiant,14085.0,11360.0,10128.0,12218.0,10250.0,13092.0,7671.0,9393.0,6386.0,8016.0
524,18144,13890,13616,8813,8742,14641,12065,12417,7619,6698,3503,1825,1199,1194,2044,9765,radiant,17930.0,14750.0,13919.0,12243.0,13463.0,12321.0,8876.0,7714.0,8697.0,6922.0
525,12204,10450,9792,8145,5612,17461,13514,11128,7244,8335,-5257,-3064,-1336,901,-2723,-11479,dire,12160.0,16930.0,10187.0,13636.0,9917.0,10552.0,7784.0,7373.0,5834.0,8371.0
526,15140,11550,10904,6645,6485,13532,11582,9584,7668,7054,1608,-32,1320,-1023,-569,1304,dire,14777.0,12789.0,11642.0,10704.0,10781.0,9578.0,6838.0,7155.0,6675.0,6496.0
527,16965,13735,10231,8464,6170,13777,12001,11173,7603,7044,3188,1734,-942,861,-874,3967,radiant,17099.0,13877.0,14133.0,11534.0,10374.0,10753.0,8357.0,7862.0,6362.0,6785.0
528,11884,11343,10451,7199,5739,13943,12422,12549,11027,6339,-2059,-1079,-2098,-3828,-600,-9664,dire,11973.0,14015.0,11701.0,12178.0,10869.0,12524.0,7466.0,10587.0,5910.0,6660.0
529,14765,13245,9040,7650,7184,14604,12393,11224,7966,6387,161,852,-2184,-316,797,-690,radiant,14542.0,14442.0,13185.0,12577.0,9194.0,11329.0,7900.0,8085.0,7268.0,6478.0
530,16184,12549,7484,8898,5003,18219,15333,10557,8741,5619,-2035,-2784,-3073,157,-616,-8351,dire,15254.0,17998.0,12499.0,15899.0,7315.0,10873.0,8847.0,8114.0,5047.0,5589.0
531,16919,11394,11028,8509,7173,15201,12923,9109,6686,6208,1718,-1529,1919,1823,965,4896,radiant,16588.0,15397.0,11232.0,12493.0,10890.0,9185.0,8325.0,6919.0,6940.0,6163.0
532,14775,11534,12102,6351,6028,15887,13568,12089,6548,4898,-1112,-2034,13,-197,1130,-2200,dire,14226.0,16036.0,11115.0,13839.0,11585.0,12143.0,6555.0,6503.0,5904.0,4997.0
533,14377,13541,12917,9429,9243,12380,10169,11162,7341,6638,1997,3372,1755,2088,2605,11817,radiant,13728.0,12626.0,13313.0,9971.0,13023.0,11306.0,9350.0,7464.0,9112.0,6751.0
534,15839,13192,10718,11760,7781,13227,11018,9823,6564,6525,2612,2174,895,5196,1256,12133,dire,15842.0,12810.0,13324.0,10791.0,10629.0,10041.0,11714.0,6463.0,7910.0,6546.0
535,12921,10240,9292,6655,6243,19248,13397,11539,7634,7358,-6327,-3157,-2247,-979,-1115,-13825,dire,13102.0,19114.0,10385.0,13061.0,9492.0,11618.0,6733.0,7535.0,6459.0,6726.0
536,14646,10762,8206,10908,6016,15792,12115,10890,8166,8874,-1146,-1353,-2684,2742,-2858,-5299,radiant,14361.0,15753.0,10751.0,12269.0,8159.0,11013.0,11184.0,8089.0,6217.0,9015.0
537,15920,12751,9174,7816,6762,15738,11782,10654,7216,6157,182,969,-1480,600,605,876,radiant,16186.0,15240.0,12919.0,11762.0,9314.0,10896.0,7934.0,7476.0,6600.0,6464.0
538,12671,13429,12711,7145,6209,14251,12027,9623,7983,5101,-1580,1402,3088,-838,1108,3180,dire,11588.0,13949.0,13018.0,12446.0,12464.0,9810.0,6669.0,8186.0,5458.0,5335.0
539,16650,13105,11575,8430,4722,15398,13223,12008,5967,4895,1252,-118,-433,2463,-173,2991,radiant,16697.0,14631.0,13346.0,12687.0,12084.0,11918.0,8283.0,5847.0,4969.0,4620.0
540,11738,12509,10727,7289,6913,13354,11717,11441,7729,8334,-1616,792,-714,-440,-1421,-3399,radiant,11731.0,13658.0,12201.0,11570.0,10585.0,11286.0,7566.0,7984.0,6738.0,8016.0
541,16482,13076,10602,6941,4230,15745,14285,13544,7147,6915,737,-1209,-2942,-206,-2685,-6305,radiant,16201.0,15632.0,13526.0,14215.0,10629.0,13328.0,7123.0,7318.0,4277.0,6992.0
542,23972,12243,7869,5652,5532,13563,13512,9502,6347,4853,10409,-1269,-1633,-695,679,7491,radiant,23832.0,13611.0,11761.0,13043.0,8055.0,9434.0,5787.0,6163.0,5464.0,4713.0
543,12347,13764,9134,9108,5865,17507,13307,11780,6639,5852,-5160,457,-2646,2469,13,-4867,dire,11796.0,17312.0,13140.0,13456.0,8904.0,11826.0,8905.0,6833.0,5671.0,6054.0
544,17457,14389,12271,8825,8534,11189,10912,10161,6828,4864,6268,3477,2110,1997,3670,17522,radiant,16695.0,11513.0,14205.0,11109.0,12278.0,10510.0,8596.0,6946.0,7891.0,5069.0
545,11086,11739,10191,5992,5303,14267,12791,11441,6646,6005,-3181,-1052,-1250,-654,-702,-6839,dire,11170.0,14419.0,11815.0,12466.0,10107.0,11418.0,6024.0,6769.0,5468.0,6175.0
546,16389,12325,8468,10858,6241,17507,11223,11944,8240,6664,-1118,1102,-3476,2618,-423,-1297,radiant,16093.0,17914.0,11693.0,11137.0,7975.0,11821.0,10496.0,8123.0,6068.0,6683.0
547,21472,12274,8001,8819,5984,12953,10283,10315,7118,6804,8519,1991,-2314,1701,-820,9077,dire,20881.0,12601.0,12058.0,10374.0,8033.0,10381.0,8820.0,7097.0,6044.0,6774.0
548,14972,11693,11238,10888,5963,16180,12943,9260,5770,5796,-1208,-1250,1978,5118,167,4805,radiant,14571.0,16097.0,11533.0,13001.0,11197.0,9318.0,10527.0,5789.0,5783.0,5845.0
549,15577,16134,10761,7692,5185,17488,16211,11865,6623,4847,-1911,-77,-1104,1069,338,-1685,dire,15411.0,17380.0,16801.0,15180.0,10686.0,11144.0,7758.0,6458.0,5102.0,4956.0
550,18758,14039,11313,8887,6845,14590,12894,12920,8277,5875,4168,1145,-1607,610,970,5286,radiant,17463.0,14450.0,13537.0,12799.0,11700.0,12895.0,8647.0,8257.0,7119.0,5856.0
551,15707,11618,11821,7964,8307,12790,10157,9488,7631,4982,2917,1461,2333,333,3325,10369,radiant,15823.0,12924.0,11545.0,9573.0,11595.0,8451.0,8021.0,7188.0,8326.0,5016.0
552,16200,14117,11762,9427,5609,16304,16170,12431,7370,4482,-104,-2053,-669,2057,1127,358,radiant,15673.0,15930.0,13916.0,16225.0,11830.0,12196.0,9117.0,7478.0,5509.0,4543.0
553,18180,11787,11180,6125,5591,10744,12920,12608,6251,6383,7436,-1133,-1428,-126,-792,3957,radiant,17994.0,9993.0,11432.0,13049.0,11200.0,12546.0,5940.0,6340.0,5548.0,6283.0
554,12053,9883,7628,7118,5982,14375,13794,13740,9048,8466,-2322,-3911,-6112,-1930,-2484,-16759,dire,12065.0,14708.0,10213.0,13821.0,7635.0,13361.0,7109.0,9388.0,5632.0,8412.0
555,13425,11497,8982,6754,4472,16811,12075,10756,9698,7156,-3386,-578,-1774,-2944,-2684,-11366,dire,13263.0,17001.0,11370.0,11923.0,9151.0,10554.0,6733.0,9405.0,4665.0,7194.0
556,14438,12752,9964,6713,5251,15321,12370,9525,7023,5969,-883,382,439,-310,-718,-1090,dire,14732.0,15197.0,12649.0,12513.0,9821.0,9685.0,6883.0,7124.0,5479.0,6085.0
557,17677,14609,10843,7816,6429,16460,18835,11171,8252,7574,1217,-4226,-328,-436,-1145,-4918,dire,17704.0,16052.0,14580.0,17225.0,10558.0,10840.0,7766.0,7977.0,6741.0,7488.0
558,13922,13614,11997,5777,5338,14291,11999,9770,6313,5073,-369,1615,2227,-536,265,3202,radiant,13482.0,13930.0,13186.0,11655.0,11804.0,9487.0,5743.0,6389.0,5309.0,5068.0
559,15259,14989,12439,11954,8945,18423,13371,12451,8003,6844,-3164,1618,-12,3951,2101,4494,radiant,15197.0,18511.0,14254.0,13648.0,12657.0,12038.0,12054.0,8220.0,9024.0,7122.0
560,13620,12185,11537,6837,4469,18574,16373,11628,6429,6609,-4954,-4188,-91,408,-2140,-10965,dire,13703.0,18220.0,12220.0,16534.0,11461.0,11413.0,7108.0,6172.0,4476.0,6660.0
561,17313,15812,10077,5475,5657,17500,10422,10694,6717,6423,-187,5390,-617,-1242,-766,2578,radiant,16525.0,17423.0,15949.0,10253.0,10338.0,10670.0,5720.0,6583.0,5821.0,6541.0
562,16193,16130,12722,9130,5240,21649,16730,11664,6938,6612,-5456,-600,1058,2192,-1372,-4178,radiant,15569.0,21747.0,16166.0,16136.0,12026.0,11497.0,8980.0,7294.0,5095.0,6077.0
563,12086,11258,11122,7305,4803,14327,13050,11821,8671,7389,-2241,-1792,-699,-1366,-2586,-8684,dire,11664.0,14336.0,11547.0,12709.0,11329.0,11686.0,7476.0,8841.0,4935.0,7450.0
564,12202,8772,8182,7359,4450,13964,15249,10839,7450,7794,-1762,-6477,-2657,-91,-3344,-14331,dire,12037.0,13509.0,8438.0,15064.0,8228.0,10797.0,7051.0,7467.0,4514.0,7634.0
565,13549,10635,9857,6847,6542,14343,11751,10456,8244,7069,-794,-1116,-599,-1397,-527,-4433,dire,13760.0,14005.0,10897.0,10979.0,10036.0,10122.0,7069.0,7812.0,6479.0,6900.0
566,13588,12238,11749,7296,6715,14776,11829,10171,7187,5170,-1188,409,1578,109,1545,2453,radiant,13411.0,14907.0,12140.0,11492.0,11455.0,10233.0,6996.0,7148.0,6548.0,5185.0
567,13915,12001,11633,6233,5774,14694,12449,13618,9750,7126,-779,-448,-1985,-3517,-1352,-8081,radiant,13962.0,14544.0,11776.0,12637.0,11508.0,13522.0,6259.0,9570.0,6028.0,7137.0
568,15479,11570,11070,8054,4976,14367,12952,9639,7111,6257,1112,-1382,1431,943,-1281,823,dire,15426.0,13493.0,12025.0,12674.0,11476.0,9157.0,8410.0,7034.0,5108.0,6222.0
569,12290,11060,10885,6711,6125,14510,14023,13022,8126,7449,-2220,-2963,-2137,-1415,-1324,-10059,dire,12230.0,14524.0,10395.0,14354.0,10926.0,12969.0,6642.0,8423.0,6055.0,7660.0
570,14248,14854,12414,7199,6292,11915,11508,10983,5459,4812,2333,3346,1431,1740,1480,10330,radiant,14171.0,12271.0,13958.0,11872.0,11583.0,11222.0,6929.0,5700.0,6363.0,5026.0
571,12902,14766,12432,7703,6766,14085,10733,9515,7604,5450,-1183,4033,2917,99,1316,7182,radiant,12663.0,14177.0,14990.0,10906.0,12445.0,9519.0,7731.0,7787.0,6958.0,5630.0
572,13939,10226,9683,7717,7688,14970,13532,14416,8597,8170,-1031,-3306,-4733,-880,-482,-10432,dire,13857.0,14226.0,9365.0,12998.0,9798.0,14064.0,7169.0,8905.0,7460.0,8163.0
573,17018,12988,12015,7069,6269,17101,11645,10410,6031,5264,-83,1343,1605,1038,1005,4908,dire,16742.0,16647.0,12880.0,11295.0,12014.0,10368.0,7022.0,6210.0,6384.0,5227.0
574,13526,12274,12495,8230,8023,12300,13217,12721,9883,10718,1226,-943,-226,-1653,-2695,-4291,dire,13994.0,12331.0,12030.0,12399.0,12858.0,12551.0,8540.0,9998.0,7399.0,10882.0
575,15294,14910,11758,8026,7395,10210,8914,7085,8542,5120,5084,5996,4673,-516,2275,17512,radiant,15060.0,9940.0,15138.0,8661.0,11830.0,7196.0,8384.0,8708.0,7442.0,5371.0
576,17402,14403,11956,10515,9964,11694,10900,9825,7113,6371,5708,3503,2131,3402,3593,18337,radiant,15177.0,11468.0,13473.0,10657.0,11328.0,9781.0,10011.0,7233.0,9145.0,5838.0
577,13152,12605,14383,11263,6860,13601,10541,10789,10947,7033,-449,2064,3594,316,-173,5352,dire,13374.0,13122.0,12571.0,10339.0,14121.0,10193.0,10944.0,11111.0,6981.0,6900.0
578,14461,12209,8360,7991,7713,15311,11954,11385,7327,6006,-850,255,-3025,664,1707,-1249,dire,14486.0,15510.0,12041.0,11650.0,8123.0,11229.0,7890.0,7387.0,7783.0,6114.0
579,12353,10136,9290,6491,6380,14530,14813,12617,9577,8775,-2177,-4677,-3327,-3086,-2395,-15662,dire,12064.0,14329.0,9552.0,13958.0,9425.0,12669.0,6593.0,9209.0,6425.0,8583.0
580,12937,13855,13328,7478,6663,12508,12444,10792,7913,8355,429,1411,2536,-435,-1692,2249,radiant,12964.0,12768.0,13026.0,12572.0,13480.0,10533.0,7118.0,8178.0,6710.0,8150.0
581,16715,11967,11361,5653,5559,13902,12913,9345,7851,7474,2813,-946,2016,-2198,-1915,-230,dire,16065.0,13468.0,12184.0,12864.0,11483.0,9137.0,5741.0,7748.0,5639.0,7696.0
582,13992,12632,9821,7500,5195,18582,10938,11489,6174,6764,-4590,1694,-1668,1326,-1569,-4807,dire,14104.0,18395.0,12308.0,10597.0,10018.0,11731.0,7781.0,6305.0,5128.0,6795.0
583,17075,14806,12652,11337,10087,9184,8055,7285,5547,5478,7891,6751,5367,5790,4609,30408,radiant,15411.0,9489.0,14068.0,8321.0,11555.0,7489.0,10928.0,5797.0,9322.0,5757.0
584,10673,10096,10603,5567,4812,15652,14343,10157,9021,7334,-4979,-4247,446,-3454,-2522,-14756,dire,10287.0,15711.0,9980.0,14409.0,10306.0,10390.0,5771.0,9192.0,4822.0,7372.0
585,13192,13473,9726,7429,4365,15033,12159,9857,7723,6605,-1841,1314,-131,-294,-2240,-3192,radiant,13087.0,15226.0,13261.0,12400.0,9457.0,9975.0,7682.0,7858.0,4515.0,6562.0
586,11124,9164,8033,5789,4149,13115,12460,11160,8598,6772,-1991,-3296,-3127,-2809,-2623,-13846,dire,11452.0,13121.0,8932.0,12209.0,8114.0,10573.0,5827.0,8560.0,4403.0,6780.0
587,13233,12352,13754,10036,7890,13600,12439,12482,8087,6559,-367,-87,1272,1949,1331,4098,radiant,12929.0,13129.0,12324.0,12345.0,13942.0,12425.0,10000.0,8098.0,7977.0,6688.0
588,12543,10885,10819,8971,6692,12764,13573,10636,5502,5333,-221,-2688,183,3469,1359,2102,dire,12390.0,12974.0,10777.0,13738.0,10410.0,10335.0,9042.0,5741.0,6973.0,5303.0
589,13513,10482,13055,6255,6705,11055,9312,9952,8112,5815,2458,1170,3103,-1857,890,5764,radiant,12925.0,11373.0,10810.0,9544.0,12875.0,10052.0,6037.0,8328.0,6606.0,5897.0
590,17282,14873,12397,6491,6088,11521,15251,9754,6183,5970,5761,-378,2643,308,118,8452,radiant,17191.0,11350.0,14676.0,15511.0,12232.0,9658.0,6566.0,6432.0,6142.0,6272.0
591,14838,10814,10606,7103,5871,16111,12801,10458,8015,5968,-1273,-1987,148,-912,-97,-4121,dire,14721.0,15695.0,10661.0,12925.0,10424.0,10441.0,7032.0,8062.0,5832.0,6265.0
592,12463,12404,12016,7529,7942,16915,14818,11242,6192,5807,-4452,-2414,774,1337,2135,-2620,radiant,12603.0,17337.0,12145.0,15002.0,11238.0,11655.0,7746.0,6514.0,7028.0,6038.0
593,13682,14306,13242,9877,8138,12239,9053,9809,6971,5766,1443,5253,3433,2906,2372,15407,radiant,13753.0,11702.0,13974.0,9174.0,13322.0,9616.0,9665.0,6787.0,7594.0,5786.0
594,18300,13632,11757,8376,6237,11861,10543,10031,6361,5230,6439,3089,1726,2015,1007,14276,radiant,17324.0,11483.0,13770.0,10784.0,11410.0,10229.0,8181.0,6686.0,5695.0,5283.0
595,10883,10904,11655,10688,8394,14807,13085,10833,6983,7135,-3924,-2181,822,3705,1259,-319,dire,10712.0,14324.0,11217.0,13014.0,11612.0,10422.0,10947.0,7006.0,8655.0,7017.0
596,13586,12549,10721,8235,5819,14970,12048,11326,8930,6942,-1384,501,-605,-695,-1123,-3306,dire,13975.0,14037.0,12738.0,11455.0,11018.0,10793.0,8394.0,8647.0,6111.0,6344.0
597,14154,12212,10362,8210,7043,12584,12050,9921,5134,4805,1570,162,441,3076,2238,7487,radiant,13947.0,12282.0,12196.0,11641.0,10395.0,9844.0,7901.0,5268.0,7006.0,4995.0
598,15631,13729,10489,8100,5918,17387,13956,13423,9894,6561,-1756,-227,-2934,-1794,-643,-7354,dire,15520.0,17584.0,13600.0,13907.0,10374.0,13658.0,8286.0,9956.0,6074.0,6567.0
599,14518,12839,10227,6059,6425,12408,12766,11326,6272,6040,2110,73,-1099,-213,385,1256,radiant,13822.0,12208.0,13009.0,12267.0,10184.0,10848.0,5794.0,6087.0,6357.0,5896.0
600,16517,16248,13778,7541,8628,14674,13696,9976,5042,4964,1843,2552,3802,2499,3664,14360,radiant,15873.0,14224.0,15983.0,14176.0,13375.0,9766.0,7094.0,5186.0,8256.0,5195.0
601,16587,11404,9080,6956,6203,11551,12171,12042,6552,5990,5036,-767,-2962,404,213,1924,radiant,16636.0,11490.0,11296.0,12012.0,9325.0,11585.0,7213.0,6721.0,6470.0,6057.0
602,14950,11886,11086,8704,6041,14534,13927,12078,7571,7067,416,-2041,-992,1133,-1026,-2510,dire,14838.0,13268.0,12413.0,13354.0,11417.0,11393.0,8826.0,7692.0,6350.0,6864.0
603,10375,11324,13277,8125,6776,11656,13039,8578,8796,6525,-1281,-1715,4699,-671,251,1283,radiant,10118.0,11440.0,11274.0,12407.0,13353.0,8331.0,8367.0,8777.0,7052.0,6437.0
604,16876,15313,11177,6494,6039,12485,12206,11680,7358,6608,4391,3107,-503,-864,-569,5562,radiant,16580.0,12291.0,15390.0,11973.0,11437.0,10857.0,6329.0,7340.0,6118.0,6039.0
605,16148,12449,12406,7102,6276,15260,15112,11637,6834,6644,888,-2663,769,268,-368,-1106,dire,16530.0,14927.0,12688.0,14776.0,12806.0,11377.0,7407.0,6537.0,6494.0,6443.0
606,15776,15578,11414,8646,6961,13562,12670,10746,7251,7436,2214,2908,668,1395,-475,6710,radiant,15977.0,13317.0,15446.0,12808.0,11087.0,10984.0,8658.0,7417.0,7031.0,7686.0
607,14933,12212,11414,8887,5284,14890,16273,11966,9270,8413,43,-4061,-552,-383,-3129,-8082,dire,14711.0,15070.0,11826.0,16739.0,11776.0,11834.0,7758.0,9093.0,5152.0,8585.0
608,12766,13373,10831,6420,6005,16261,12493,12809,7320,6504,-3495,880,-1978,-900,-499,-5992,dire,12346.0,16326.0,12402.0,12540.0,10466.0,12393.0,6309.0,7464.0,6014.0,6463.0
609,13297,10778,7933,7609,6589,16683,16865,13179,9748,9521,-3386,-6087,-5246,-2139,-2932,-19790,dire,12727.0,16898.0,11045.0,16486.0,8134.0,12911.0,7757.0,9378.0,6605.0,9169.0
610,16788,12331,11883,7802,5363,15973,10936,8919,13444,9120,815,1395,2964,-5642,-3757,-4225,radiant,16152.0,15115.0,11994.0,10620.0,11783.0,8861.0,7867.0,12422.0,5356.0,8734.0
611,14601,12631,10966,9698,7527,15244,11577,6447,8302,6193,-643,1054,4519,1396,1334,7660,radiant,14362.0,15336.0,12474.0,11814.0,10472.0,6641.0,9665.0,8353.0,7269.0,6486.0
612,13441,9804,10063,6700,5628,15341,15018,12207,7305,6534,-1900,-5214,-2144,-605,-906,-10769,dire,13217.0,15127.0,9716.0,14521.0,10221.0,11811.0,6818.0,7433.0,5775.0,6402.0
613,12902,11333,8721,6790,7019,13972,11892,10766,8398,6626,-1070,-559,-2045,-1608,393,-4889,radiant,12944.0,13647.0,11498.0,11625.0,8883.0,10811.0,7125.0,8686.0,7207.0,6805.0
614,14285,11141,9336,7627,5806,16660,12846,12263,9356,7616,-2375,-1705,-2927,-1729,-1810,-10546,dire,14572.0,15307.0,11393.0,12496.0,9019.0,12574.0,7685.0,9212.0,5701.0,7271.0
615,12486,11207,11981,5781,5588,13747,12545,12309,9008,7244,-1261,-1338,-328,-3227,-1656,-7810,dire,12349.0,13330.0,11573.0,12401.0,12058.0,12464.0,5964.0,9116.0,5651.0,7418.0
616,11532,10443,10478,7942,5218,16555,12251,13379,8865,8549,-5023,-1808,-2901,-923,-3331,-13986,dire,11506.0,16805.0,10362.0,12594.0,10733.0,13273.0,7796.0,9114.0,5300.0,8771.0
617,12617,10832,9935,7797,6445,15609,13961,13651,7524,7178,-2992,-3129,-3716,273,-733,-10297,dire,12433.0,15556.0,11120.0,12541.0,9888.0,13207.0,8100.0,7092.0,6698.0,6585.0
618,12487,11423,10752,6455,5316,13455,13968,11895,8151,7775,-968,-2545,-1143,-1696,-2459,-8811,dire,12437.0,13456.0,11417.0,13960.0,10642.0,11941.0,6548.0,7999.0,5544.0,7930.0
619,16285,16567,15601,8817,5610,14455,13047,11393,8091,6765,1830,3520,4208,726,-1155,9129,radiant,16488.0,13155.0,16598.0,13350.0,15693.0,10285.0,8874.0,7722.0,5814.0,6378.0
620,14815,14347,12643,7343,5648,17409,13568,9156,5409,5307,-2594,779,3487,1934,341,3947,radiant,14698.0,17564.0,14638.0,13527.0,12618.0,9394.0,7548.0,5505.0,5852.0,5412.0
621,14414,13767,12875,7062,7363,14581,14310,11295,7829,5977,-167,-543,1580,-767,1386,1489,dire,14577.0,14532.0,13773.0,13695.0,12263.0,11617.0,7326.0,7886.0,7435.0,6097.0
622,14836,11895,10208,6222,5103,9553,11510,11562,6271,6232,5283,385,-1354,-49,-1129,3136,radiant,14750.0,9156.0,11779.0,11436.0,10330.0,11889.0,6421.0,6269.0,5337.0,6040.0
623,13209,11017,12975,7153,6063,13718,8892,8973,7246,6368,-509,2125,4002,-93,-305,5220,radiant,13534.0,13201.0,11322.0,8717.0,12937.0,8860.0,7473.0,7206.0,6338.0,6362.0
624,15303,13626,12017,9171,8077,16176,15053,11698,7818,7307,-873,-1427,319,1353,770,142,dire,14883.0,15590.0,13754.0,14249.0,12177.0,11652.0,9410.0,7035.0,8285.0,6785.0
625,13516,12476,10287,6617,5417,11622,13536,12770,8535,8251,1894,-1060,-2483,-1918,-2834,-6401,dire,13406.0,11493.0,12125.0,13224.0,10384.0,12510.0,6869.0,8264.0,5627.0,8114.0
626,13260,13448,14391,9120,10451,17056,12115,12816,7421,6659,-3796,1333,1575,1699,3792,4603,radiant,13043.0,16843.0,13449.0,11492.0,13938.0,13185.0,8651.0,7614.0,10354.0,6884.0
627,15352,11458,9524,8430,5466,16174,13542,12052,7541,6596,-822,-2084,-2528,889,-1130,-5675,radiant,15941.0,15950.0,11336.0,13264.0,8783.0,11896.0,7774.0,7082.0,5024.0,6407.0
628,13653,13290,14373,9094,7672,14523,13027,12909,10130,6925,-870,263,1464,-1036,747,568,radiant,13099.0,13112.0,13168.0,12796.0,14157.0,12081.0,9065.0,9241.0,7479.0,6912.0
629,11135,11021,8421,8452,4824,19521,12266,12264,9759,7322,-8386,-1245,-3843,-1307,-2498,-17279,dire,10204.0,18169.0,10472.0,11714.0,7958.0,12062.0,8563.0,9102.0,4625.0,6717.0
630,14163,14250,14756,6309,5295,16353,13470,10556,8415,7084,-2190,780,4200,-2106,-1789,-1105,dire,14149.0,15872.0,14090.0,12760.0,14122.0,10174.0,6118.0,8185.0,5396.0,7047.0
631,16356,13703,12512,9475,8445,11646,11119,10287,7088,5300,4710,2584,2225,2387,3145,15051,radiant,15931.0,12171.0,13935.0,11487.0,12538.0,10435.0,9414.0,7413.0,8306.0,5505.0
632,14459,11338,10377,8289,8611,15571,13564,12636,8631,8127,-1112,-2226,-2259,-342,484,-5455,dire,13884.0,15097.0,11711.0,13501.0,10665.0,13172.0,7682.0,8552.0,8357.0,8099.0
633,15247,14392,11734,7299,5758,17106,11813,9986,10311,4501,-1859,2579,1748,-3012,1257,713,radiant,15653.0,17004.0,14115.0,11718.0,11717.0,10215.0,7548.0,10177.0,5837.0,4751.0
634,15530,12027,9555,6785,5850,15697,13358,12634,9465,8943,-167,-1331,-3079,-2680,-3093,-10350,dire,15159.0,15180.0,11479.0,12906.0,9096.0,12524.0,6483.0,9369.0,5818.0,8207.0
635,12715,11259,8431,6591,5751,18455,12904,11088,7434,7442,-5740,-1645,-2657,-843,-1691,-12576,dire,12801.0,17738.0,11629.0,12635.0,8772.0,11060.0,6805.0,7269.0,5719.0,7237.0
636,14974,9543,9648,7702,5171,16790,11514,11212,9637,6131,-1816,-1971,-1564,-1935,-960,-8246,radiant,15317.0,15928.0,9453.0,11553.0,9736.0,10470.0,7121.0,8832.0,4990.0,5780.0
637,12789,11248,9938,7569,5976,17680,15055,12248,6538,6583,-4891,-3807,-2310,1031,-607,-10584,dire,13229.0,17434.0,11448.0,14438.0,10299.0,12176.0,7659.0,6413.0,6120.0,6319.0
638,15910,14400,13125,10033,6700,12519,10838,11131,7518,5608,3391,3562,1994,2515,1092,12554,radiant,16488.0,12749.0,13169.0,10485.0,13138.0,9999.0,10323.0,6804.0,6522.0,5119.0
639,16572,12801,10714,6316,5933,16514,11171,10851,6485,4775,58,1630,-137,-169,1158,2540,dire,16677.0,15854.0,12815.0,11612.0,10887.0,10561.0,6380.0,6778.0,6012.0,4980.0
640,13705,16047,10016,6821,5442,15325,12582,12054,4473,5026,-1620,3465,-2038,2348,416,2571,radiant,12886.0,15440.0,15846.0,12521.0,10091.0,12341.0,6696.0,4704.0,5510.0,5272.0
641,14482,13426,12356,8750,7851,15117,10535,9361,5471,5076,-635,2891,2995,3279,2775,11305,radiant,13834.0,15118.0,12954.0,10140.0,12215.0,9689.0,8451.0,5652.0,7840.0,5013.0
642,18329,11752,13569,7189,4719,14071,14464,13448,8508,7840,4258,-2712,121,-1319,-3121,-2773,dire,18064.0,13973.0,11267.0,14544.0,12986.0,13834.0,6944.0,8472.0,4828.0,8201.0
643,12619,13120,10701,8098,6500,17717,10628,12627,7747,5296,-5098,2492,-1926,351,1204,-2977,dire,12295.0,16940.0,13104.0,10731.0,11028.0,12575.0,8314.0,7364.0,6618.0,5015.0
644,15684,14154,14738,7608,7156,17226,13264,9382,7104,4936,-1542,890,5356,504,2220,7428,dire,15493.0,16999.0,13832.0,12758.0,14866.0,9295.0,7763.0,7083.0,7011.0,4740.0
645,15054,11885,11844,5953,5769,15523,10244,10171,6773,6642,-469,1641,1673,-820,-873,1152,radiant,14466.0,14642.0,11676.0,9988.0,11837.0,10207.0,6035.0,6666.0,5806.0,6626.0
646,13335,13035,10175,8307,6848,12879,11412,10637,8432,5592,456,1623,-462,-125,1256,2748,dire,13692.0,12453.0,13116.0,10803.0,10059.0,9855.0,8052.0,7370.0,6817.0,4954.0
647,18833,14131,12651,8023,7973,11878,9938,9061,5700,5016,6955,4193,3590,2323,2957,20018,radiant,18095.0,11350.0,13525.0,9817.0,12511.0,9059.0,8147.0,5606.0,7922.0,5140.0
648,13516,14174,12525,6724,6295,13530,12556,11202,6055,6107,-14,1618,1323,669,188,3784,dire,13416.0,13637.0,14051.0,12609.0,12198.0,11175.0,6637.0,6232.0,6383.0,6372.0
649,7591,7586,7366,3781,3139,15745,15599,12267,13345,6833,-8154,-8013,-4901,-9564,-3694,-34326,dire,7513.0,14781.0,7283.0,14838.0,7418.0,11293.0,3929.0,13126.0,3327.0,6637.0
650,10251,11037,10434,6637,5717,14697,12747,12068,7887,7701,-4446,-1710,-1634,-1250,-1984,-11024,dire,10190.0,14882.0,11061.0,12984.0,9902.0,11954.0,6686.0,8142.0,5937.0,7822.0
651,12149,8653,11532,10490,7875,14850,14059,9508,7114,4730,-2701,-5406,2024,3376,3145,438,radiant,12021.0,14885.0,8664.0,13945.0,11437.0,9408.0,10439.0,7333.0,7873.0,4951.0
652,12719,10621,12222,6775,5672,12538,13874,10161,7072,6971,181,-3253,2061,-297,-1299,-2607,radiant,12485.0,12405.0,10717.0,13704.0,12043.0,10166.0,6975.0,7222.0,5579.0,6806.0
653,10729,10279,10737,8065,5381,14982,11525,10714,8637,6914,-4253,-1246,23,-572,-1533,-7581,dire,10793.0,14830.0,10192.0,11245.0,10637.0,10576.0,8162.0,8485.0,5551.0,6983.0
654,14231,11530,9464,5355,5226,15531,10707,9350,6218,5772,-1300,823,114,-863,-546,-1772,dire,14603.0,15953.0,11918.0,11060.0,9834.0,9532.0,5556.0,6398.0,5491.0,5963.0
655,14692,14215,11191,6939,6909,13608,13365,12772,9224,7508,1084,850,-1581,-2285,-599,-2531,dire,14544.0,13177.0,14338.0,12149.0,11208.0,12645.0,7085.0,8716.0,7062.0,7205.0
656,15213,14667,10108,6620,6075,10791,9906,11825,6976,5833,4422,4761,-1717,-356,242,7352,radiant,14623.0,10575.0,14589.0,9896.0,9806.0,11925.0,6518.0,6972.0,6122.0,5938.0
657,12121,11213,8611,6559,4532,16357,13162,13087,7843,7920,-4236,-1949,-4476,-1284,-3388,-15333,dire,11421.0,16335.0,11050.0,13131.0,8628.0,12690.0,6854.0,7860.0,4690.0,8056.0
658,11199,10334,10597,5794,5974,17216,13902,11722,7234,6049,-6017,-3568,-1125,-1440,-75,-12225,dire,11294.0,16592.0,10660.0,13911.0,10790.0,11623.0,5987.0,7078.0,6229.0,6246.0
659,14611,12652,10682,9052,6916,12044,11142,8853,8268,4697,2567,1510,1829,784,2219,8909,radiant,14528.0,12441.0,12405.0,11275.0,10498.0,9199.0,9058.0,7987.0,6920.0,4810.0
660,10628,8884,9919,6975,5206,18115,14539,12373,6719,6803,-7487,-5655,-2454,256,-1597,-16937,dire,10524.0,17745.0,9148.0,13816.0,10068.0,12282.0,7111.0,6604.0,5478.0,6749.0
661,20437,13243,13376,9189,6728,13779,10064,9371,6658,6248,6658,3179,4005,2531,480,16853,radiant,20152.0,14264.0,13241.0,10285.0,13166.0,9710.0,9508.0,6588.0,6776.0,6566.0
662,17852,12419,8686,7335,7018,14953,10359,11337,8994,5360,2899,2060,-2651,-1659,1658,2307,dire,17088.0,14832.0,12273.0,10459.0,8734.0,10837.0,7566.0,8726.0,7332.0,5322.0
663,15677,14733,10582,10237,8511,15165,10824,8835,8359,5661,512,3909,1747,1878,2850,10896,radiant,15633.0,15602.0,14546.0,10960.0,10272.0,9102.0,10227.0,8450.0,8555.0,5546.0
664,16659,12450,10622,7357,5605,14709,15135,14432,8612,6414,1950,-2685,-3810,-1255,-809,-6609,radiant,15461.0,14634.0,12502.0,15397.0,10082.0,14641.0,7556.0,8644.0,5687.0,6492.0
665,12895,10457,9702,7663,6838,14637,13757,12039,8450,9612,-1742,-3300,-2337,-787,-2774,-10940,radiant,12865.0,14267.0,10765.0,13338.0,10066.0,12214.0,7447.0,8323.0,6999.0,9599.0
666,15058,11473,13164,7313,7874,13887,10627,9260,6817,5425,1171,846,3904,496,2449,8866,radiant,15147.0,13480.0,11567.0,10371.0,12724.0,9077.0,7379.0,6673.0,7652.0,5645.0
667,12255,10774,12264,9098,7434,11763,8721,8833,7079,6123,492,2053,3431,2019,1311,9306,radiant,12585.0,11677.0,10454.0,8706.0,12622.0,8631.0,9190.0,7176.0,7742.0,6287.0
668,15931,10695,11792,6793,5943,12069,12397,10198,5421,5265,3862,-1702,1594,1372,678,5804,radiant,15692.0,11789.0,10833.0,12662.0,11607.0,9761.0,6699.0,5642.0,6095.0,5422.0
669,15374,13905,11950,9786,9578,13278,11029,10816,6452,4811,2096,2876,1134,3334,4767,14207,radiant,15896.0,13078.0,14415.0,11252.0,12208.0,11184.0,10169.0,6668.0,9884.0,5024.0
670,11636,11202,10882,7015,7312,15313,12107,10446,6351,6502,-3677,-905,436,664,810,-2672,dire,11521.0,15272.0,10787.0,11842.0,10803.0,10392.0,7188.0,6068.0,7550.0,6026.0
671,12390,13099,10029,6373,5822,13935,12595,9116,11297,8394,-1545,504,913,-4924,-2572,-7624,dire,12130.0,13203.0,12664.0,12160.0,9988.0,8861.0,6358.0,11454.0,5752.0,8530.0
672,11972,14489,11808,6672,5168,13155,12506,9405,7591,6481,-1183,1983,2403,-919,-1313,971,radiant,12149.0,12397.0,14132.0,12388.0,11811.0,9291.0,6585.0,7502.0,5209.0,6584.0
673,13734,12386,12054,6060,5091,17577,10510,11311,6899,4460,-3843,1876,743,-839,631,-1432,radiant,13678.0,17323.0,12097.0,10257.0,11737.0,11210.0,6312.0,6891.0,4974.0,4493.0
674,12299,12534,10678,6414,5364,17217,12506,12260,8883,6491,-4918,28,-1582,-2469,-1127,-10068,dire,12133.0,17259.0,12715.0,12264.0,10455.0,12195.0,6455.0,8554.0,5524.0,6696.0
675,16967,11392,11315,6726,6370,15148,11637,8914,6820,5823,1819,-245,2401,-94,547,4428,radiant,16867.0,14927.0,11351.0,11231.0,11516.0,8825.0,6841.0,6399.0,6376.0,5845.0
676,16521,13643,11120,7654,8175,15269,12696,12230,4417,5593,1252,947,-1110,3237,2582,6908,radiant,16382.0,15600.0,13325.0,12552.0,11003.0,12283.0,7194.0,4635.0,7860.0,5804.0
677,14673,11642,10506,8697,7101,15884,10933,9113,7987,4579,-1211,709,1393,710,2522,4123,radiant,15231.0,14231.0,12022.0,10379.0,10474.0,9168.0,8473.0,7418.0,7349.0,4216.0
678,17780,12856,9273,6222,4870,13203,12884,11025,7196,7101,4577,-28,-1752,-974,-2231,-408,radiant,17945.0,12674.0,12785.0,12491.0,9409.0,10902.0,6335.0,7370.0,5134.0,7178.0
679,14225,14634,8363,6066,5026,16022,12960,10314,9796,8427,-1797,1674,-1951,-3730,-3401,-9205,dire,14223.0,15202.0,14270.0,12588.0,8492.0,10152.0,6182.0,9335.0,5000.0,8160.0
680,12984,12177,10479,8011,4755,16000,11445,10526,6666,8011,-3016,732,-47,1345,-3256,-4242,radiant,13078.0,15168.0,12372.0,11060.0,10470.0,10308.0,8192.0,6547.0,4862.0,7669.0
681,14921,13579,10292,7167,6409,10958,11077,10111,7071,6873,3963,2502,181,96,-464,6278,radiant,14733.0,10534.0,13577.0,11178.0,10022.0,10275.0,7299.0,7275.0,6422.0,6804.0
682,15622,13702,8731,9963,7392,12297,9735,11110,9556,8174,3325,3967,-2379,407,-782,4538,radiant,15478.0,12001.0,13515.0,9372.0,8710.0,10939.0,9715.0,9815.0,7214.0,8409.0
683,15328,12566,13146,8780,6784,13216,13064,9445,6345,5573,2112,-498,3701,2435,1211,8961,dire,15148.0,12831.0,12481.0,13612.0,12836.0,9798.0,8595.0,6606.0,6682.0,5816.0
684,12110,10182,11024,7524,7834,14081,12095,11923,6979,8265,-1971,-1913,-899,545,-431,-4669,dire,11782.0,13732.0,10050.0,11908.0,11292.0,11912.0,7719.0,7183.0,7867.0,8427.0
685,11594,10471,11019,6092,5528,15087,12629,11483,8944,6877,-3493,-2158,-464,-2852,-1349,-10316,dire,11191.0,15014.0,10341.0,12841.0,10760.0,11832.0,6280.0,9329.0,5728.0,6948.0
686,14014,13610,11889,6936,5296,12412,11757,6561,10211,5874,1602,1853,5328,-3275,-578,4930,radiant,14334.0,12309.0,13706.0,11734.0,12025.0,6577.0,7252.0,10192.0,5449.0,6067.0
687,17042,11911,11396,6857,6443,13767,15335,10632,5358,5899,3275,-3424,764,1499,544,2658,radiant,16462.0,13825.0,11633.0,15622.0,11310.0,10846.0,6985.0,5566.0,6622.0,6147.0
688,16168,12348,10658,5512,5622,11586,14690,12183,7586,6893,4582,-2342,-1525,-2074,-1271,-2630,dire,15420.0,11894.0,11812.0,14502.0,10538.0,11970.0,5568.0,7636.0,5481.0,7159.0
689,15524,13851,11687,5798,6846,15627,12757,10316,7273,7168,-103,1094,1371,-1475,-322,565,dire,15550.0,15749.0,13889.0,12637.0,11843.0,10005.0,5716.0,7229.0,6674.0,7174.0
690,16904,17415,12395,6534,3872,14094,12326,12215,7289,4866,2810,5089,180,-755,-994,6330,radiant,16340.0,14008.0,17061.0,12377.0,12312.0,12524.0,6430.0,7403.0,3900.0,5104.0
691,13788,11727,13178,5656,4184,17236,13944,12821,10305,5734,-3448,-2217,357,-4649,-1550,-11507,dire,13299.0,17559.0,12064.0,13670.0,13192.0,12474.0,5753.0,10499.0,4088.0,5739.0
692,17578,12261,11489,10559,9527,14402,11464,11222,11402,7347,3176,797,267,-843,2180,5577,dire,17391.0,15151.0,11966.0,11623.0,11394.0,11155.0,10272.0,11234.0,9401.0,7319.0
693,13542,10673,11085,8238,6851,12213,10411,10454,6634,5246,1329,262,631,1604,1605,5431,radiant,12978.0,12554.0,10633.0,10232.0,11091.0,10187.0,8450.0,6672.0,7003.0,5255.0
694,14352,12556,13507,7136,6907,16503,10024,9322,4443,4715,-2151,2532,4185,2693,2192,9451,radiant,13813.0,16061.0,12393.0,10250.0,13463.0,9202.0,7138.0,4248.0,6743.0,4918.0
695,13372,12099,11167,6655,6263,12396,11323,12203,6238,5385,976,776,-1036,417,878,2011,dire,12815.0,12761.0,12148.0,10754.0,11017.0,12146.0,6732.0,6120.0,6198.0,5358.0
696,12964,8166,10345,5531,5531,13201,10809,12257,9150,5548,-237,-2643,-1912,-3619,-17,-8428,dire,12463.0,13212.0,8296.0,11079.0,10680.0,11571.0,5418.0,9579.0,5806.0,5476.0
697,13147,11731,9873,8537,5753,18340,14496,11700,7123,6815,-5193,-2765,-1827,1414,-1062,-9433,dire,13576.0,18049.0,11557.0,13954.0,9984.0,11683.0,8623.0,6914.0,5942.0,6948.0
698,12962,11111,8482,9565,7509,16534,11746,9659,7031,6821,-3572,-635,-1177,2534,688,-2162,radiant,12382.0,16302.0,10721.0,11143.0,8088.0,9721.0,9770.0,7074.0,7616.0,6904.0
699,11715,10206,7662,8639,6569,14827,12025,13097,8589,8133,-3112,-1819,-5435,50,-1564,-11880,dire,11308.0,14343.0,10135.0,11646.0,7054.0,12801.0,8285.0,7888.0,6571.0,8066.0
700,17220,13854,12897,8238,6892,12042,9596,9380,8534,6958,5178,4258,3517,-296,-66,12591,radiant,16528.0,12537.0,13255.0,10091.0,12267.0,9642.0,7985.0,8754.0,6371.0,7227.0
701,14482,11558,12530,7639,5599,17368,18001,10276,6212,5825,-2886,-6443,2254,1427,-226,-5874,dire,15023.0,16870.0,11797.0,17652.0,12902.0,10427.0,7860.0,6591.0,5766.0,5720.0
702,15380,14469,12117,9983,8635,13157,11782,11387,7946,4372,2223,2687,730,2037,4263,11940,radiant,14677.0,13456.0,13976.0,12074.0,11627.0,11719.0,9284.0,8162.0,8390.0,4552.0
703,15810,14085,11276,8387,6076,14798,13488,11209,8065,7638,1012,597,67,322,-1562,436,dire,14383.0,14892.0,13826.0,12939.0,11147.0,11192.0,8176.0,8401.0,5908.0,7787.0
704,12335,13678,11312,6925,6382,13257,14479,9986,9155,6424,-922,-801,1326,-2230,-42,-2669,dire,12461.0,13638.0,12727.0,13728.0,11119.0,10344.0,6711.0,8636.0,6229.0,6746.0
705,13370,12775,9700,9057,7072,16005,12996,11976,10192,8017,-2635,-221,-2276,-1135,-945,-7212,dire,12790.0,15703.0,13235.0,12844.0,9701.0,12345.0,9255.0,10193.0,7355.0,8307.0
706,12709,10907,10367,6398,5273,16247,14176,13504,6841,7108,-3538,-3269,-3137,-443,-1835,-12222,dire,12846.0,16038.0,10848.0,14170.0,10105.0,13044.0,6156.0,6738.0,5266.0,6581.0
707,15984,12575,9964,7080,5626,18091,13586,13028,10339,5490,-2107,-1011,-3064,-3259,136,-9305,dire,15873.0,16603.0,12701.0,12887.0,10133.0,12326.0,7301.0,10024.0,5812.0,5015.0
708,14516,11324,12043,7879,6724,12447,12650,10950,5775,6292,2069,-1326,1093,2104,432,4372,dire,14276.0,12273.0,11431.0,12489.0,12244.0,11029.0,8072.0,5627.0,6770.0,5974.0
709,13928,11832,12877,7995,7630,14429,10615,10820,6358,5181,-501,1217,2057,1637,2449,6859,radiant,14085.0,14670.0,11711.0,10542.0,12857.0,11068.0,7865.0,6424.0,7486.0,5385.0
710,16099,13580,10937,5196,5311,13179,12603,11949,8270,6684,2920,977,-1012,-3074,-1373,-1562,dire,16209.0,12342.0,13774.0,11809.0,10836.0,11324.0,5238.0,8152.0,5289.0,6757.0
711,14385,11325,11405,5896,5079,17208,12360,11683,7303,8271,-2823,-1035,-278,-1407,-3192,-8735,dire,14270.0,16670.0,11201.0,11765.0,11791.0,11252.0,5943.0,7208.0,5312.0,8523.0
712,16488,11957,12248,6489,6751,18976,12152,12167,6951,4808,-2488,-195,81,-462,1943,-1121,dire,15963.0,18636.0,11749.0,12249.0,12050.0,11952.0,6615.0,6682.0,6888.0,4877.0
713,16329,13395,10014,7631,4648,16433,9848,10169,6720,5592,-104,3547,-155,911,-944,3255,radiant,16321.0,15374.0,13199.0,9926.0,9721.0,9945.0,7641.0,6769.0,4763.0,5661.0
714,12245,11280,10219,6034,7970,16468,12495,11662,10081,6963,-4223,-1215,-1443,-4047,1007,-9921,dire,12599.0,16685.0,11035.0,12077.0,10422.0,11360.0,6319.0,9660.0,8243.0,6897.0
715,16333,12640,10909,9130,5662,12399,11558,9013,6994,7825,3934,1082,1896,2136,-2163,6885,radiant,16578.0,12317.0,12025.0,11135.0,10506.0,9023.0,8882.0,6475.0,5703.0,7190.0
716,15947,13645,11644,8271,6789,12227,10213,10176,6345,4891,3720,3432,1468,1926,1898,12444,radiant,15420.0,11801.0,13049.0,10354.0,11521.0,10167.0,8310.0,6256.0,6895.0,4762.0
717,10500,9634,8839,6249,4749,14906,12357,11361,7642,6542,-4406,-2723,-2522,-1393,-1793,-12837,dire,10673.0,14372.0,9612.0,12756.0,8716.0,11494.0,6480.0,7905.0,4978.0,6554.0
718,11036,9126,7633,5676,4835,16162,15123,11788,9659,6661,-5126,-5997,-4155,-3983,-1826,-21087,dire,11407.0,15579.0,9205.0,15557.0,7838.0,11186.0,5954.0,9185.0,5070.0,6650.0
719,12296,11536,12023,5683,5192,18195,14100,11474,10690,8138,-5899,-2564,549,-5007,-2946,-15867,dire,12004.0,18039.0,11423.0,13982.0,11355.0,11488.0,5354.0,10493.0,4700.0,8269.0
720,13896,12581,10852,6655,5847,15656,14965,12536,6989,6532,-1760,-2384,-1684,-334,-685,-6847,radiant,13559.0,15017.0,12085.0,14653.0,10921.0,12393.0,6765.0,6952.0,5892.0,6559.0
721,12371,8936,10782,6366,4463,15500,14861,10109,10129,8570,-3129,-5925,673,-3763,-4107,-16251,dire,12155.0,15317.0,9095.0,14898.0,10679.0,10077.0,6355.0,10093.0,4608.0,8830.0
722,12773,10887,11002,5683,3994,16292,14938,11790,6726,6486,-3519,-4051,-788,-1043,-2492,-11893,dire,12568.0,16121.0,10899.0,15315.0,11250.0,11813.0,5467.0,7045.0,4164.0,6683.0
723,15568,14335,10837,5767,5597,13198,12836,12336,6969,5479,2370,1499,-1499,-1202,118,1286,dire,15200.0,13240.0,13246.0,13212.0,10064.0,12625.0,5395.0,7299.0,5764.0,5617.0
724,14091,12591,11498,5983,6405,16834,11187,10926,7799,5210,-2743,1404,572,-1816,1195,-1388,dire,13800.0,16655.0,12758.0,11027.0,11296.0,10925.0,6105.0,7459.0,6636.0,5362.0
725,14604,12567,12198,5918,4891,15754,13296,11989,7571,6757,-1150,-729,209,-1653,-1866,-5189,dire,14474.0,15348.0,12511.0,13411.0,11917.0,12122.0,6088.0,7528.0,4952.0,6787.0
726,21411,15171,11930,4886,5073,18432,14831,12078,5790,4336,2979,340,-148,-904,737,3004,radiant,21275.0,17555.0,15332.0,14980.0,12046.0,12083.0,5017.0,6087.0,4870.0,4558.0
727,20384,18842,9555,8374,4749,14494,13255,10849,6637,4305,5890,5587,-1294,1737,444,12364,radiant,19996.0,15052.0,18511.0,13043.0,9272.0,10846.0,8072.0,6605.0,4601.0,4360.0
728,12410,11537,11709,7078,5481,14214,11249,10427,7151,5532,-1804,288,1282,-73,-51,-358,radiant,12204.0,14405.0,11382.0,11331.0,11661.0,10804.0,7281.0,7514.0,5768.0,5819.0
729,16087,11944,10919,6633,5429,16100,13136,9808,7116,6466,-13,-1192,1111,-483,-1037,-1614,radiant,16457.0,16373.0,11786.0,13434.0,11139.0,9946.0,6677.0,7373.0,5588.0,6686.0
730,11990,13082,11507,7460,5802,16573,13360,11869,8221,7815,-4583,-278,-362,-761,-2013,-7997,dire,12415.0,16818.0,12889.0,13226.0,11419.0,12170.0,7095.0,8427.0,5626.0,7762.0
731,12174,10057,10371,8466,6040,12508,12583,11931,10674,4879,-334,-2526,-1560,-2208,1161,-5467,dire,12064.0,12586.0,9462.0,12399.0,10541.0,11981.0,8279.0,10565.0,6084.0,5058.0
732,14072,13115,10934,6847,6283,10483,11914,8525,7942,6164,3589,1201,2409,-1095,119,6223,radiant,13910.0,10610.0,13130.0,12160.0,11344.0,8861.0,7033.0,8028.0,6329.0,6511.0
733,15456,11727,11486,5860,6529,14393,13892,11753,6533,6716,1063,-2165,-267,-673,-187,-2229,dire,14909.0,13940.0,10856.0,13943.0,10574.0,11865.0,5784.0,6566.0,5801.0,6884.0
734,13352,8713,11434,10188,7167,12558,10164,9718,6873,6803,794,-1451,1716,3315,364,4738,dire,12887.0,12345.0,8486.0,9442.0,11808.0,9416.0,9672.0,6861.0,7187.0,6893.0
735,19661,13256,11114,9569,4896,15175,12794,8518,8534,6972,4486,462,2596,1035,-2076,6503,dire,19370.0,14874.0,13442.0,12857.0,11166.0,8539.0,9472.0,8542.0,5104.0,7218.0
736,12897,11562,9390,5879,6303,14142,13911,13344,10578,9828,-1245,-2349,-3954,-4699,-3525,-15772,dire,13455.0,12829.0,11959.0,13000.0,9516.0,12374.0,6208.0,10004.0,6419.0,9180.0
737,14509,10439,9822,5239,3940,14425,13232,11367,9032,5594,84,-2793,-1545,-3793,-1654,-9701,dire,13996.0,14351.0,10575.0,13230.0,9980.0,11434.0,5249.0,8964.0,3919.0,5740.0
738,13736,12187,11502,10536,6628,15415,12121,13678,7777,8136,-1679,66,-2176,2759,-1508,-2538,dire,13264.0,15322.0,12336.0,11599.0,11396.0,13734.0,10531.0,7413.0,6620.0,7977.0
739,12308,13211,12682,6956,6037,14845,12234,12025,6051,5929,-2537,977,657,905,108,110,dire,11754.0,14679.0,13040.0,11793.0,12732.0,11662.0,7117.0,6070.0,6314.0,5747.0
740,16961,14532,12140,8761,7078,15308,13286,11718,9709,4257,1653,1246,422,-948,2821,5194,radiant,16407.0,15951.0,14021.0,13621.0,12228.0,12058.0,8256.0,10006.0,7171.0,4490.0
741,14841,13618,11566,8373,7099,11820,10145,8839,5025,4786,3021,3473,2727,3348,2313,14882,radiant,15145.0,11185.0,13800.0,10248.0,11159.0,8160.0,8435.0,4968.0,7097.0,4621.0
742,13172,12813,12974,6798,6778,12634,9112,9163,9910,8762,538,3701,3811,-3112,-1984,2954,dire,13215.0,12760.0,12525.0,9320.0,12705.0,9197.0,6915.0,10008.0,6935.0,8455.0
743,18292,14271,11470,9292,8311,10896,10675,10192,7322,6758,7396,3596,1278,1970,1553,15793,radiant,18060.0,10724.0,14197.0,10829.0,11571.0,10385.0,9509.0,7280.0,8468.0,6898.0
744,17028,12321,13552,7900,6491,14460,12302,9818,7279,5007,2568,19,3734,621,1484,8426,radiant,16880.0,14373.0,12117.0,12066.0,13900.0,9852.0,8226.0,6686.0,6758.0,5124.0
745,12149,13252,9936,7781,7608,16303,12381,12770,6607,5697,-4154,871,-2834,1174,1911,-3032,dire,12061.0,16195.0,13018.0,11991.0,9598.0,12781.0,7673.0,6723.0,7499.0,5887.0
746,16902,14414,10756,8660,6120,14235,11052,10854,7383,5322,2667,3362,-98,1277,798,8006,radiant,17055.0,13877.0,14287.0,10834.0,10604.0,10700.0,8588.0,7604.0,6036.0,5564.0
747,14170,13477,13277,7963,7945,12960,12411,9759,10609,7064,1210,1066,3518,-2646,881,4029,dire,13738.0,13126.0,13736.0,12223.0,13570.0,9733.0,8254.0,10838.0,8231.0,7371.0
748,13466,13158,11094,9347,6967,13366,12452,12714,7485,7042,100,706,-1620,1862,-75,973,radiant,13652.0,13077.0,13285.0,12279.0,11379.0,12874.0,9351.0,7629.0,7015.0,7341.0
749,14888,10616,10948,5993,5689,12833,9524,8955,6401,5454,2055,1092,1993,-408,235,4967,radiant,14247.0,12486.0,10481.0,9606.0,10975.0,9090.0,6106.0,6527.0,5778.0,5531.0
750,16420,10863,10591,7903,4497,14813,14082,10273,8036,8883,1607,-3219,318,-133,-4386,-5813,dire,16382.0,14210.0,11407.0,13891.0,11043.0,10316.0,8271.0,7890.0,4699.0,8578.0
751,12944,8834,7375,7342,5700,14073,13646,8756,7087,6054,-1129,-4812,-1381,255,-354,-7421,dire,13078.0,13821.0,8723.0,13825.0,7410.0,8838.0,7670.0,7409.0,5966.0,6352.0
752,10656,9253,9775,6442,6337,16336,13518,11258,8077,7472,-5680,-4265,-1483,-1635,-1135,-14198,dire,11052.0,14835.0,9570.0,13545.0,9747.0,11265.0,6523.0,7937.0,6498.0,7556.0
753,11171,10384,8870,5077,4326,15884,7559,9034,7581,5373,-4713,2825,-164,-2504,-1047,-5603,dire,10898.0,15764.0,10332.0,7625.0,8863.0,8908.0,5265.0,7215.0,4519.0,5436.0
754,11834,10185,12696,7459,5127,14067,11716,13408,7875,7287,-2233,-1531,-712,-416,-2160,-7052,dire,12030.0,14334.0,9795.0,11406.0,12558.0,12985.0,7100.0,8306.0,5301.0,6843.0
755,11584,9365,7831,6723,5698,13649,14799,11397,8961,8274,-2065,-5434,-3566,-2238,-2576,-15879,dire,10940.0,13196.0,9725.0,14696.0,7892.0,10435.0,6959.0,8778.0,5702.0,7874.0
756,11001,9368,9338,6929,5106,13512,13513,13494,8170,6974,-2511,-4145,-4156,-1241,-1868,-13921,dire,11239.0,13137.0,9293.0,13554.0,8851.0,13302.0,6648.0,8082.0,5343.0,6983.0
757,13352,13357,10151,8160,7136,14859,12149,12397,7435,4463,-1507,1208,-2246,725,2673,853,dire,13169.0,14665.0,13101.0,11992.0,10090.0,12610.0,7821.0,7638.0,7228.0,4653.0
758,16208,14470,7568,9997,6172,14003,10039,11157,5605,5990,2205,4431,-3589,4392,182,7621,dire,15788.0,13811.0,14794.0,9868.0,7838.0,11147.0,10059.0,5675.0,6391.0,6161.0
759,17626,12437,11736,10185,8500,13581,11040,10021,6445,5435,4045,1397,1715,3740,3065,13962,radiant,16544.0,13939.0,12193.0,11341.0,11700.0,10154.0,10151.0,6732.0,8355.0,5634.0
760,21390,13711,9710,7687,7061,14947,13125,12621,7077,5969,6443,586,-2911,610,1092,5820,radiant,21140.0,15283.0,13720.0,13302.0,9821.0,12649.0,7854.0,7207.0,7050.0,6212.0
761,10456,9936,8818,5649,5186,15352,13678,13127,9088,8426,-4896,-3742,-4309,-3439,-3240,-19626,dire,10378.0,14589.0,10078.0,12873.0,9022.0,11919.0,5767.0,8458.0,5475.0,7801.0
762,14291,13641,14034,5393,5753,10118,11564,10309,6841,4945,4173,2077,3725,-1448,808,9335,radiant,13986.0,10128.0,13743.0,11825.0,14141.0,10544.0,5599.0,7058.0,6027.0,5151.0
763,14232,10816,10425,7774,6927,13762,12759,9935,7973,6890,470,-1943,490,-199,37,-1145,radiant,13510.0,14178.0,10497.0,12857.0,10072.0,10021.0,7547.0,8245.0,6739.0,7166.0
764,14403,10877,8493,8092,6289,18222,14302,12342,7681,7902,-3819,-3425,-3849,411,-1613,-12295,dire,13991.0,18881.0,10475.0,14405.0,8619.0,12271.0,8078.0,7927.0,5953.0,7874.0
765,15298,14290,13186,6724,6200,19665,14663,10496,5894,4178,-4367,-373,2690,830,2022,802,dire,15303.0,18838.0,14135.0,14724.0,13293.0,10656.0,6898.0,5992.0,6116.0,4087.0
766,11422,13103,9600,6691,5587,14468,13109,10441,7484,6176,-3046,-6,-841,-793,-589,-5275,dire,10892.0,14141.0,13289.0,13148.0,9849.0,10288.0,6509.0,7506.0,5671.0,6346.0
767,13055,12476,11836,6598,4904,11869,12375,11710,6123,6192,1186,101,126,475,-1288,600,dire,13051.0,11011.0,12399.0,11640.0,11760.0,11570.0,6761.0,5488.0,5129.0,5775.0
768,13389,12383,9056,10670,5355,11120,10697,10909,6081,6216,2269,1686,-1853,4589,-861,5830,radiant,13408.0,11099.0,12394.0,10841.0,9019.0,10590.0,10763.0,6267.0,5611.0,6218.0
769,13452,13364,11930,8909,7835,13478,12650,10623,5926,6238,-26,714,1307,2983,1597,6575,radiant,12876.0,12322.0,13888.0,12288.0,11657.0,10406.0,8714.0,5302.0,7236.0,5604.0
770,15464,13190,10740,7724,5866,14835,13398,10699,8596,7180,629,-208,41,-872,-1314,-1724,dire,15192.0,14324.0,12942.0,12265.0,10532.0,10623.0,7181.0,8080.0,5963.0,6512.0
771,14411,14513,13816,7604,5770,17083,13758,9666,6355,4873,-2672,755,4150,1249,897,4379,dire,14258.0,17166.0,14859.0,13048.0,13690.0,9596.0,7695.0,6303.0,5804.0,4769.0
772,16522,14820,12772,10029,7651,12829,13135,10242,8372,5102,3693,1685,2530,1657,2549,12114,radiant,16183.0,13322.0,14725.0,13069.0,12317.0,10528.0,10344.0,8657.0,7963.0,5304.0
773,14109,13405,15321,5678,6201,15889,13648,13164,8318,5689,-1780,-243,2157,-2640,512,-1994,dire,14714.0,15057.0,13647.0,13704.0,15452.0,12374.0,5866.0,7883.0,6199.0,5441.0
774,13571,12065,11917,6429,6309,13213,13693,12359,4525,4592,358,-1628,-442,1904,1717,1909,dire,13097.0,13185.0,12131.0,13146.0,11832.0,12575.0,6354.0,4663.0,6432.0,4571.0
775,12325,10097,10126,5294,4503,13546,13157,12252,7373,8271,-1221,-3060,-2126,-2079,-3768,-12254,dire,12334.0,13606.0,9705.0,13146.0,10187.0,12488.0,5480.0,7486.0,4632.0,8278.0
776,11770,12013,8163,6778,4949,15618,14829,11343,7245,6484,-3848,-2816,-3180,-467,-1535,-11846,dire,11593.0,15755.0,12147.0,14696.0,8202.0,11618.0,6780.0,7362.0,4972.0,6671.0
777,15937,12164,10801,6383,6105,14512,12185,11151,5844,5308,1425,-21,-350,539,797,2390,radiant,15096.0,14012.0,11747.0,11891.0,10918.0,11023.0,6389.0,5902.0,6191.0,5451.0
778,12748,9874,8376,8039,5209,13196,11246,11481,8225,7597,-448,-1372,-3105,-186,-2388,-7499,dire,12537.0,13703.0,9649.0,11338.0,8432.0,11322.0,8364.0,8308.0,5240.0,7836.0
779,14295,11280,12334,8612,5593,13789,12547,10970,8646,5992,506,-1267,1364,-34,-399,170,dire,14445.0,13651.0,10951.0,12719.0,11749.0,11322.0,8983.0,8523.0,5582.0,6075.0
780,17049,11215,11604,6955,5693,18076,12848,12267,8268,7566,-1027,-1633,-663,-1313,-1873,-6509,dire,16700.0,17520.0,11207.0,12753.0,11222.0,11680.0,6947.0,7850.0,5490.0,7107.0
781,13437,13489,12460,9301,7828,13965,10486,10564,9178,7048,-528,3003,1896,123,780,5274,radiant,13186.0,13453.0,13575.0,10314.0,12545.0,10286.0,9497.0,8975.0,7978.0,6869.0
782,11523,10201,11019,7186,7484,13402,13331,12536,8974,6371,-1879,-3130,-1517,-1788,1113,-7201,radiant,10836.0,13161.0,10500.0,13362.0,11231.0,12891.0,7049.0,9130.0,7777.0,6342.0
783,18516,13951,13431,7622,5196,16974,16557,9126,4979,4698,1542,-2606,4305,2643,498,6382,radiant,17873.0,16874.0,14127.0,16554.0,12930.0,9315.0,7340.0,5003.0,5086.0,4873.0
784,15319,13506,13793,6944,5571,17637,14163,13569,11094,5756,-2318,-657,224,-4150,-185,-7086,dire,14889.0,17490.0,13464.0,14150.0,13390.0,13470.0,6954.0,11091.0,5605.0,5930.0
785,16759,14069,14732,7545,6735,11892,12184,11088,6295,4547,4867,1885,3644,1250,2188,13834,radiant,16790.0,11693.0,13985.0,12194.0,14474.0,10422.0,7773.0,6147.0,6914.0,4455.0
786,15598,15218,13073,8920,7177,14882,13512,9596,5829,3918,716,1706,3477,3091,3259,12249,radiant,15371.0,15458.0,14511.0,13334.0,12273.0,9861.0,8707.0,6033.0,6917.0,4095.0
787,12995,10528,10046,6859,5147,15417,12490,12191,6900,6051,-2422,-1962,-2145,-41,-904,-7474,dire,12582.0,14962.0,10788.0,12313.0,9895.0,12097.0,6843.0,7050.0,4690.0,5929.0
788,13778,9736,8269,9090,6904,15569,13568,12065,9675,7005,-1791,-3832,-3796,-585,-101,-10105,dire,13416.0,15457.0,9579.0,13466.0,7960.0,11850.0,8847.0,9550.0,7109.0,7099.0
789,14714,11229,11282,6048,4850,15233,11144,11678,5950,6895,-519,85,-396,98,-2045,-2777,dire,14289.0,14698.0,11160.0,10772.0,11634.0,11703.0,6099.0,6027.0,4920.0,6995.0
790,12983,13680,14433,7055,8545,12761,12017,11287,11341,8903,222,1663,3146,-4286,-358,387,radiant,12784.0,13063.0,12845.0,11703.0,14627.0,11418.0,7119.0,11297.0,8265.0,9095.0
791,11944,9720,9154,6021,6383,12609,11401,10117,8841,6675,-665,-1681,-963,-2820,-292,-6421,dire,12069.0,12475.0,9493.0,11324.0,8895.0,9959.0,6115.0,9035.0,6562.0,7007.0
792,11348,12218,13063,9303,6978,15197,11570,10254,9131,8007,-3849,648,2809,172,-1029,-1249,dire,11025.0,15134.0,12038.0,11188.0,12914.0,10201.0,9329.0,9250.0,6701.0,8231.0
793,17813,10596,9878,12021,7719,14653,11501,13475,9526,8458,3160,-905,-3597,2495,-739,414,radiant,17866.0,15198.0,10843.0,11872.0,10286.0,13125.0,12119.0,9576.0,7876.0,8285.0
794,12813,12973,9384,7736,7231,14222,12191,9750,5814,5283,-1409,782,-366,1922,1948,2877,radiant,12938.0,14165.0,12865.0,12220.0,9616.0,9870.0,7969.0,5811.0,7310.0,5490.0
795,13262,10261,9846,6664,5282,14013,12926,10766,7469,6732,-751,-2665,-920,-805,-1450,-6591,dire,13485.0,13214.0,10344.0,12869.0,10222.0,10139.0,7008.0,7419.0,5515.0,6851.0
796,15508,14354,12730,7412,5320,18138,15820,13404,7655,5835,-2630,-1466,-674,-243,-515,-5528,dire,16130.0,17916.0,14368.0,15134.0,12917.0,12658.0,7464.0,7818.0,5502.0,5489.0
797,15322,13315,13069,8302,7310,15336,15148,10492,10153,5095,-14,-1833,2577,-1851,2215,1094,dire,15325.0,14689.0,13122.0,14474.0,12962.0,9527.0,8064.0,9939.0,7623.0,4946.0
798,13988,10786,9091,4952,5352,15635,13258,12340,7782,6957,-1647,-2472,-3249,-2830,-1605,-11803,dire,13887.0,15536.0,10967.0,12893.0,8938.0,12427.0,4976.0,8030.0,5310.0,7088.0
799,14790,14125,11207,6956,5504,12281,12172,9286,7215,8877,2509,1953,1921,-259,-3373,2751,radiant,14571.0,12700.0,13959.0,12193.0,10950.0,9093.0,6925.0,7120.0,5564.0,8947.0
800,12236,10311,9292,5810,4129,14700,11390,10971,10891,8783,-2464,-1079,-1679,-5081,-4654,-14957,dire,11717.0,14393.0,9992.0,11639.0,9081.0,10747.0,5655.0,10877.0,4118.0,8944.0
801,13437,14404,10567,11343,8988,12498,10813,11919,7032,6180,939,3591,-1352,4311,2808,10297,dire,13136.0,11844.0,14395.0,10919.0,9925.0,11757.0,10727.0,7036.0,8195.0,6276.0
802,15853,12428,10186,7418,6356,13284,12453,8940,7055,4816,2569,-25,1246,363,1540,5693,radiant,15930.0,12867.0,12770.0,12450.0,10107.0,8717.0,7463.0,6882.0,6458.0,4772.0
803,14086,11571,9616,6854,5212,16425,15534,11653,7252,6770,-2339,-3963,-2037,-398,-1558,-10295,dire,13833.0,16452.0,11873.0,15925.0,9655.0,11931.0,7152.0,7531.0,5442.0,7071.0
804,10786,11336,10188,7886,7169,13324,15466,14026,7032,6682,-2538,-4130,-3838,854,487,-9165,dire,10562.0,13133.0,11139.0,15363.0,10132.0,14112.0,7927.0,6993.0,7476.0,6647.0
805,16084,12513,8369,5934,5647,14450,14233,12622,10830,8647,1634,-1720,-4253,-4896,-3000,-12235,dire,14691.0,14043.0,12231.0,14302.0,7554.0,11721.0,4995.0,10580.0,4962.0,8751.0
806,13584,13055,9752,5167,4139,15648,13162,11690,5784,7143,-2064,-107,-1938,-617,-3004,-7730,dire,13618.0,15352.0,12845.0,13076.0,9930.0,11645.0,5234.0,5796.0,4338.0,7281.0
807,13912,10401,11840,6577,5456,11951,13373,9588,7701,5784,1961,-2972,2252,-1124,-328,-211,dire,13664.0,11477.0,10301.0,13374.0,11605.0,9622.0,6713.0,7822.0,5652.0,5851.0
808,11022,9979,6713,4773,4872,14114,13284,10969,7865,6445,-3092,-3305,-4256,-3092,-1573,-15318,dire,11489.0,14141.0,9837.0,13385.0,6795.0,11122.0,4881.0,8020.0,4736.0,6469.0
809,16170,12095,7346,8470,7193,10925,15000,8924,4031,4506,5245,-2905,-1578,4439,2687,7888,dire,16250.0,10952.0,12065.0,14863.0,7328.0,8729.0,8514.0,4111.0,6810.0,4651.0
810,12802,12316,12520,9331,7671,11589,10465,11175,5881,6600,1213,1851,1345,3450,1071,8930,radiant,12252.0,11874.0,12220.0,10081.0,12158.0,11421.0,8620.0,6049.0,7585.0,6682.0
811,11700,12597,10189,6239,5366,14776,13658,11275,5808,5974,-3076,-1061,-1086,431,-608,-5400,dire,11420.0,14580.0,12509.0,13857.0,10480.0,11168.0,6271.0,5860.0,5549.0,6059.0
812,22171,15234,12387,9860,8291,11049,10257,8340,8006,7773,11122,4977,4047,1854,518,22518,radiant,21943.0,11219.0,14891.0,10380.0,11599.0,8296.0,9655.0,8310.0,8019.0,7920.0
813,17715,12351,13099,7419,7125,12283,12065,11192,6442,4577,5432,286,1907,977,2548,11150,radiant,17888.0,12070.0,12445.0,12063.0,12958.0,11036.0,7182.0,6353.0,7307.0,4727.0
814,12039,11805,9836,6271,6098,19274,11629,11742,9843,8338,-7235,176,-1906,-3572,-2240,-14777,dire,11128.0,19430.0,11561.0,11765.0,9940.0,11787.0,6119.0,10002.0,6013.0,8480.0
815,16892,14222,13684,7605,6290,14454,11167,9705,6410,5626,2438,3055,3979,1195,664,11331,radiant,16816.0,14788.0,13903.0,11609.0,13296.0,10067.0,6919.0,6683.0,5783.0,5776.0
816,14856,13746,11110,10082,7965,14623,12182,12951,5472,5048,233,1564,-1841,4610,2917,7483,radiant,14454.0,14148.0,13521.0,12162.0,11453.0,11282.0,10055.0,5528.0,7805.0,4749.0
817,16117,14229,13204,7294,7866,14952,11654,9044,5072,4924,1165,2575,4160,2222,2942,13064,radiant,15752.0,15207.0,13556.0,11373.0,12726.0,9152.0,6814.0,5293.0,7540.0,4943.0
818,12698,13780,11633,9114,6288,15736,13919,7961,6981,5655,-3038,-139,3672,2133,633,3261,dire,12550.0,15776.0,13872.0,13839.0,11598.0,7683.0,9370.0,6970.0,6488.0,5523.0
819,15964,15618,12581,8924,6358,15292,11386,10336,6912,5814,672,4232,2245,2012,544,9705,radiant,15241.0,15277.0,15680.0,11731.0,12570.0,10372.0,8524.0,6817.0,5888.0,5775.0
820,15345,13801,9327,8131,6933,15419,13124,9806,9113,6707,-74,677,-479,-982,226,-632,dire,15125.0,15797.0,14096.0,13420.0,9130.0,10000.0,8226.0,8965.0,6801.0,6701.0
821,18507,11658,8701,7428,6851,12700,11719,9469,11470,5928,5807,-61,-768,-4042,923,1859,radiant,18281.0,12289.0,11172.0,11333.0,8983.0,9198.0,7435.0,11301.0,6754.0,5751.0
822,10999,10144,6222,10738,7211,13540,12676,11064,6591,6719,-2541,-2532,-4842,4147,492,-5276,dire,11207.0,13688.0,10170.0,12018.0,6238.0,10905.0,11077.0,6282.0,7342.0,6638.0
823,16037,14257,12296,12368,10008,11261,11045,9071,6600,5014,4776,3212,3225,5768,4994,21975,radiant,15912.0,11003.0,14103.0,11330.0,12068.0,8855.0,11904.0,6606.0,10193.0,5260.0
824,13412,10092,9334,6248,5210,18269,14061,11950,8966,7860,-4857,-3969,-2616,-2718,-2650,-16810,dire,12963.0,18025.0,9939.0,14249.0,9482.0,12395.0,6522.0,9333.0,5367.0,8083.0
825,10846,11364,10307,7523,4941,17669,14234,11634,9357,6464,-6823,-2870,-1327,-1834,-1523,-14377,radiant,11209.0,17252.0,10659.0,13678.0,10645.0,11342.0,7875.0,8414.0,5185.0,6385.0
826,13038,12559,9791,7578,6255,12899,14426,11449,6972,5416,139,-1867,-1658,606,839,-1941,radiant,12634.0,12780.0,12207.0,13701.0,9599.0,11121.0,7354.0,6869.0,5411.0,5294.0
827,11172,11768,12615,6247,8156,13805,10986,11346,7308,6422,-2633,782,1269,-1061,1734,91,radiant,10206.0,13501.0,11843.0,10943.0,12200.0,11530.0,5992.0,7350.0,7758.0,6237.0
828,14838,14313,12185,8367,7267,15924,11237,10101,6366,5423,-1086,3076,2084,2001,1844,7919,radiant,14855.0,15341.0,14319.0,11340.0,12255.0,9834.0,8576.0,6561.0,7267.0,5524.0
829,18515,14468,12502,7167,6878,11525,11070,11045,6686,6600,6990,3398,1457,481,278,12604,radiant,17877.0,11990.0,14040.0,11262.0,12725.0,11380.0,7244.0,6745.0,6807.0,6883.0
830,15351,12001,14211,7946,7877,14038,11707,11083,6275,6486,1313,294,3128,1671,1391,7797,radiant,14801.0,13499.0,11379.0,12007.0,13548.0,11060.0,7719.0,6277.0,7817.0,6646.0
831,12390,12923,12999,6948,7143,13901,14814,8873,6134,7445,-1511,-1891,4126,814,-302,1236,radiant,12544.0,14188.0,12496.0,14544.0,13223.0,9159.0,6927.0,6414.0,7281.0,7774.0
832,13218,12512,10379,6028,5717,14889,13270,12558,7396,5699,-1671,-758,-2179,-1368,18,-5958,dire,13253.0,14986.0,12550.0,13514.0,10480.0,12462.0,6352.0,7652.0,5984.0,5793.0
833,18305,13995,11249,8585,7109,15409,12855,10711,9568,5479,2896,1140,538,-983,1630,5221,radiant,17746.0,15347.0,13805.0,12701.0,10887.0,10643.0,8420.0,9543.0,7080.0,5672.0
834,17969,11995,10993,7206,8442,13784,12074,8468,9588,8649,4185,-79,2525,-2382,-207,4042,dire,18147.0,12497.0,12330.0,11331.0,11401.0,8031.0,7574.0,8530.0,8764.0,7942.0
835,14061,12658,9284,6552,4771,15211,12637,10222,7563,7162,-1150,21,-938,-1011,-2391,-5469,dire,13902.0,14815.0,12444.0,12735.0,9233.0,10446.0,6580.0,7769.0,4653.0,7317.0
836,17169,15931,9709,10823,7624,12868,11350,11670,7815,5899,4301,4581,-1961,3008,1725,11654,radiant,16516.0,13273.0,15999.0,10992.0,9582.0,11999.0,10511.0,7843.0,7552.0,6134.0
837,13347,10989,7695,7131,5829,18207,16363,11792,6160,6762,-4860,-5374,-4097,971,-933,-14293,dire,13573.0,17561.0,11089.0,15628.0,7867.0,11888.0,7293.0,6089.0,5737.0,6932.0
838,13313,10400,11802,6611,5729,13837,11288,11060,5713,5101,-524,-888,742,898,628,856,dire,13103.0,13843.0,10312.0,11604.0,11388.0,11344.0,6729.0,5939.0,5956.0,5300.0
839,14065,15122,11954,8385,7835,13327,9235,9740,6320,6107,738,5887,2214,2065,1728,12632,radiant,13095.0,12194.0,14925.0,9119.0,12214.0,9690.0,8238.0,5647.0,7357.0,5991.0
840,17489,11087,9077,10752,8126,11761,13831,9565,7218,6336,5728,-2744,-488,3534,1790,7820,dire,17371.0,11740.0,10956.0,14184.0,9131.0,9891.0,10651.0,7536.0,7975.0,6349.0
841,12761,12765,10163,6928,6313,15666,13635,10373,7611,6686,-2905,-870,-210,-683,-373,-5041,dire,12522.0,15386.0,12898.0,13594.0,10427.0,9959.0,7078.0,7505.0,6312.0,6368.0
842,16389,13430,13093,7126,5787,16656,15528,11531,6298,7464,-267,-2098,1562,828,-1677,-1652,radiant,16609.0,16209.0,13823.0,15076.0,13526.0,11590.0,7197.0,6035.0,6071.0,7244.0
843,15293,13192,11796,6921,6386,16976,13014,12424,8136,8067,-1683,178,-628,-1215,-1681,-5029,radiant,14076.0,16841.0,11988.0,13356.0,10739.0,12642.0,6276.0,8420.0,6179.0,8421.0
844,13753,14553,10097,6038,5912,14864,13276,12414,7693,6279,-1111,1277,-2317,-1655,-367,-4173,dire,13315.0,14563.0,14564.0,13234.0,9974.0,12382.0,6019.0,7744.0,6059.0,6511.0
