,rad_pos1_last_gold,rad_pos2_last_gold,rad_pos3_last_gold,rad_pos4_last_gold,rad_pos5_last_gold,dire_pos1_last_gold,dire_pos2_last_gold,dire_pos3_last_gold,dire_pos4_last_gold,dire_pos5_last_gold,pos1_diff,pos2_diff,pos3_diff,pos4_diff,pos5_diff,team_diff,winner,rad_pos1_last_gold,dire_pos1_last_gold,rad_pos2_last_gold,dire_pos2_last_gold,rad_pos3_last_gold,dire_pos3_last_gold,rad_pos4_last_gold,dire_pos4_last_gold,rad_pos5_last_gold,dire_pos5_last_gold
0,34838,26058,18867,15037,13567,32312,26404,23512,21732,15692,2526,-346,-4645,-6695,-2125,-11285,radiant,34262.0,31553.0,25727.0,26308.0,19062.0,23774.0,15275.0,22037.0,13577.0,15864.0
1,31887,27451,22016,16203,14983,28036,25175,23802,16335,12964,3851,2276,-1786,-132,2019,6228,dire,31618.0,27736.0,27204.0,24774.0,22312.0,23832.0,16225.0,16414.0,15260.0,13096.0
2,36061,27009,20852,15328,12898,32137,23415,19309,15123,12284,3924,3594,1543,205,614,9880,radiant,36105.0,31713.0,27264.0,23356.0,20827.0,18706.0,15649.0,15236.0,13281.0,12451.0
3,31723,26936,21130,14824,11429,30390,26154,21943,13862,12313,1333,782,-813,962,-884,1380,dire,30781.0,29729.0,26990.0,25192.0,20285.0,21864.0,14576.0,13484.0,11141.0,12123.0
4,32639,25274,25117,22417,15650,34927,31342,23410,17759,13902,-2288,-6068,1707,4658,1748,-243,dire,32837.0,34078.0,25020.0,31819.0,25546.0,23856.0,22552.0,17452.0,16023.0,14155.0
5,29037,25999,22722,15214,14556,30300,24776,23029,12356,11752,-1263,1223,-307,2858,2804,5315,dire,29288.0,29808.0,26076.0,24981.0,23147.0,22526.0,15211.0,11919.0,14230.0,11755.0
6,35983,24138,21113,20806,15162,30691,26102,19595,16105,14664,5292,-1964,1518,4701,498,10045,radiant,35298.0,31131.0,23028.0,26542.0,20398.0,19664.0,20208.0,15778.0,14088.0,14705.0
7,31920,18838,16628,15047,15487,34200,25820,21116,15206,13672,-2280,-6982,-4488,-159,1815,-12094,dire,31641.0,34103.0,18736.0,26037.0,16616.0,21259.0,14833.0,15634.0,15527.0,13960.0
8,34645,25340,22351,17037,16254,29752,28704,24135,15925,16816,4893,-3364,-1784,1112,-562,295,dire,34792.0,30257.0,25485.0,29242.0,22247.0,24271.0,16932.0,16251.0,16464.0,17195.0
9,37792,29256,21109,15633,15134,34630,29128,20032,16480,15358,3162,128,1077,-847,-224,3296,radiant,38106.0,32194.0,29665.0,27941.0,21392.0,19175.0,16001.0,15925.0,15405.0,14228.0
10,33829,22141,19299,15339,12736,33248,25201,23742,17206,15420,581,-3060,-4443,-1867,-2684,-11473,radiant,33860.0,31524.0,22124.0,24464.0,19438.0,23370.0,15112.0,16667.0,12486.0,15062.0
11,25778,24743,24071,18819,19233,31389,29582,20826,19059,18779,-5611,-4839,3245,-240,454,-6991,dire,25673.0,31902.0,24247.0,29500.0,23929.0,21040.0,18764.0,19271.0,19361.0,18843.0
12,29675,28215,18499,15988,17632,35939,36361,25260,15926,13054,-6264,-8146,-6761,62,4578,-16531,radiant,29807.0,34631.0,26664.0,35803.0,18067.0,24701.0,14961.0,15885.0,16479.0,12722.0
13,24251,23263,23260,10816,9287,34909,28257,26006,16108,11095,-10658,-4994,-2746,-5292,-1808,-25498,dire,23884.0,35082.0,23815.0,28129.0,23198.0,25721.0,10911.0,16517.0,9527.0,11370.0
14,35535,20873,20787,13828,12203,24505,25563,24419,15638,13298,11030,-4690,-3632,-1810,-1095,-197,radiant,35829.0,22947.0,20953.0,24315.0,21120.0,23089.0,12998.0,14934.0,11683.0,12289.0
15,31093,27433,24873,14432,14659,38889,24879,21539,14410,15105,-7796,2554,3334,22,-446,-2332,radiant,30146.0,38814.0,27002.0,24972.0,23909.0,21639.0,13893.0,14435.0,14175.0,14431.0
16,36595,28393,20533,15303,12214,29036,20917,23290,18641,14862,7559,7476,-2757,-3338,-2648,6292,dire,36249.0,28837.0,28081.0,20578.0,19977.0,22674.0,15160.0,18979.0,12174.0,14320.0
17,25937,24964,23025,16846,14520,31063,28624,26655,18141,15837,-5126,-3660,-3630,-1295,-1317,-15028,dire,24265.0,31172.0,24993.0,28035.0,21814.0,25484.0,15918.0,17933.0,13448.0,15856.0
18,38955,31232,27452,18097,15693,28460,23939,22319,12765,9274,10495,7293,5133,5332,6419,34672,radiant,37859.0,28253.0,30635.0,24260.0,26801.0,22234.0,17479.0,12914.0,15329.0,9397.0
19,25623,23664,22216,22170,15826,37997,32601,23945,16485,15436,-12374,-8937,-1729,5685,390,-16965,dire,26356.0,36687.0,24149.0,31935.0,22631.0,23372.0,22329.0,16511.0,16299.0,14965.0
20,33487,30854,31116,21088,17979,34475,27952,23063,14521,14249,-988,2902,8053,6567,3730,20264,radiant,33139.0,34458.0,30781.0,27529.0,31029.0,23151.0,20677.0,14779.0,18312.0,14408.0
21,30243,21633,21043,17742,13958,36984,23975,22814,16000,16056,-6741,-2342,-1771,1742,-2098,-11210,radiant,29789.0,36814.0,21407.0,23918.0,21042.0,23010.0,17816.0,16050.0,13173.0,16389.0
22,31597,27401,20586,19576,12565,40600,31817,30636,14920,12203,-9003,-4416,-10050,4656,362,-18451,dire,31237.0,39221.0,27816.0,29108.0,21103.0,29764.0,19802.0,14019.0,12704.0,11448.0
23,28909,30199,19411,15310,14034,26177,28210,22082,12842,12629,2732,1989,-2671,2468,1405,5923,radiant,28046.0,26529.0,29331.0,27211.0,19125.0,22374.0,15353.0,12776.0,13660.0,12832.0
24,28497,26009,25979,15718,15629,26894,23862,20362,16412,12970,1603,2147,5617,-694,2659,11332,radiant,28798.0,26570.0,25950.0,23746.0,25262.0,20524.0,15141.0,16287.0,15389.0,12566.0
25,34905,26383,22120,14300,11290,26837,25613,21422,16093,14759,8068,770,698,-1793,-3469,4274,radiant,34818.0,26521.0,26840.0,25382.0,22002.0,21354.0,14351.0,16376.0,11373.0,14730.0
26,29381,26882,22217,13218,14014,29570,26594,22421,21940,15843,-189,288,-204,-8722,-1829,-10656,radiant,29476.0,29748.0,27352.0,27042.0,22582.0,22717.0,13412.0,22348.0,14125.0,16103.0
27,38248,22042,21122,13058,12207,32647,26020,25137,14591,12391,5601,-3978,-4015,-1533,-184,-4109,radiant,38918.0,31905.0,22287.0,25622.0,21513.0,24079.0,13365.0,14816.0,12396.0,11901.0
28,30704,30880,27352,14843,14006,29060,30354,26168,22772,14410,1644,526,1184,-7929,-404,-4979,radiant,30386.0,28742.0,30455.0,30546.0,27476.0,25919.0,14681.0,22041.0,14079.0,14710.0
29,37778,26951,25332,20271,17223,35877,26124,24660,15740,14032,1901,827,672,4531,3191,11122,radiant,36404.0,33941.0,26310.0,24917.0,24734.0,23639.0,19590.0,15042.0,15894.0,13371.0
30,24593,20831,18844,15980,14593,30301,24871,23941,13984,11866,-5708,-4040,-5097,1996,2727,-10122,dire,23951.0,30584.0,20814.0,24937.0,18330.0,24379.0,14987.0,14092.0,14341.0,12011.0
31,30149,28787,22570,14437,12642,31046,21070,19574,14316,12861,-897,7717,2996,121,-219,9718,radiant,30103.0,30702.0,27569.0,21314.0,22322.0,18750.0,14402.0,14403.0,12376.0,12911.0
32,28526,23582,21179,16750,15297,29848,24390,24464,16269,18524,-1322,-808,-3285,481,-3227,-8161,dire,26469.0,29374.0,22709.0,24581.0,20256.0,24498.0,16028.0,16272.0,14924.0,18697.0
33,28488,23174,20791,14296,11443,33391,21642,24295,18225,11874,-4903,1532,-3504,-3929,-431,-11235,dire,28316.0,33307.0,23523.0,21460.0,20674.0,24033.0,14542.0,18261.0,11653.0,11903.0
34,35575,23655,23001,19341,19326,26601,22066,21388,15740,10725,8974,1589,1613,3601,8601,24378,radiant,34882.0,26965.0,22928.0,22354.0,22215.0,21468.0,18245.0,15389.0,18695.0,10915.0
35,29194,24261,21318,17181,13674,29738,24980,21510,21517,14988,-544,-719,-192,-4336,-1314,-7105,dire,29420.0,30292.0,24378.0,24857.0,21655.0,21637.0,17431.0,21393.0,13876.0,15162.0
36,29226,26861,20944,14405,14130,44386,25151,24486,16419,14590,-15160,1710,-3542,-2014,-460,-19466,dire,29385.0,43564.0,26762.0,24721.0,20625.0,23713.0,14855.0,16406.0,14432.0,14711.0
37,35698,23455,19991,17494,14908,34570,28507,23997,15532,12757,1128,-5052,-4006,1962,2151,-3817,radiant,35186.0,34088.0,23568.0,28414.0,19722.0,24134.0,17351.0,15854.0,15095.0,12940.0
38,38730,29168,27562,22669,16256,23343,23103,19100,11978,11697,15387,6065,8462,10691,4559,45164,radiant,37345.0,22842.0,27988.0,23517.0,26567.0,19189.0,21371.0,12229.0,15574.0,11869.0
39,32687,32172,30911,17122,16739,35466,25937,22549,17648,11260,-2779,6235,8362,-526,5479,16771,radiant,32489.0,34877.0,32630.0,25784.0,31157.0,22776.0,16879.0,17445.0,17066.0,11395.0
40,33811,26843,18401,14082,13370,33642,28788,23677,17774,16225,169,-1945,-5276,-3692,-2855,-13599,dire,33785.0,32427.0,27180.0,27667.0,18655.0,23215.0,14336.0,17242.0,13605.0,15891.0
41,30835,23090,23014,20637,15155,30776,30032,21614,16923,14916,59,-6942,1400,3714,239,-1530,dire,29867.0,30684.0,22491.0,29974.0,22724.0,21493.0,20082.0,17083.0,14826.0,14933.0
42,33378,22249,21153,15341,12635,29559,29114,23272,16318,15242,3819,-6865,-2119,-977,-2607,-8749,dire,33845.0,29345.0,22446.0,29083.0,21357.0,23347.0,15764.0,15951.0,12899.0,15016.0
43,36834,28678,18642,16353,16246,34503,22594,17871,16316,13647,2331,6084,771,37,2599,11822,radiant,35735.0,34944.0,28025.0,22459.0,18064.0,18157.0,15840.0,16635.0,15573.0,13886.0
44,24716,26632,21860,15853,13021,26405,26925,26366,15407,15828,-1689,-293,-4506,446,-2807,-8849,dire,24491.0,26423.0,26915.0,26340.0,21888.0,26465.0,15833.0,15497.0,13268.0,15883.0
45,31652,25912,20882,12931,12280,31753,23541,21824,14854,12585,-101,2371,-942,-1923,-305,-900,dire,31780.0,31398.0,26354.0,23466.0,20674.0,22059.0,13180.0,15003.0,12498.0,12789.0
46,35259,26079,24203,16691,15843,26065,24791,19821,19689,14671,9194,1288,4382,-2998,1172,13038,dire,35362.0,26104.0,25853.0,24653.0,23778.0,19743.0,16831.0,19821.0,15505.0,14624.0
47,28912,27168,25865,15939,13594,32451,21308,20468,12695,11650,-3539,5860,5397,3244,1944,12906,radiant,28866.0,32349.0,27515.0,21236.0,26084.0,20511.0,16042.0,12957.0,13959.0,11916.0
48,34119,22378,22703,11034,10508,29091,26242,21386,19251,12135,5028,-3864,1317,-8217,-1627,-7363,dire,33432.0,28471.0,22437.0,26639.0,22800.0,21669.0,11220.0,19625.0,10712.0,12388.0
49,30070,27655,19769,16429,10423,34192,27673,21843,23214,15721,-4122,-18,-2074,-6785,-5298,-18297,dire,30358.0,33942.0,27357.0,28004.0,19047.0,22083.0,16218.0,23658.0,10539.0,15584.0
50,26817,24453,22833,16701,11006,25809,22190,17918,13656,9939,1008,2263,4915,3045,1067,12298,radiant,26453.0,25204.0,24691.0,22074.0,22694.0,17582.0,16835.0,13582.0,11232.0,9770.0
51,38112,30712,28283,24042,21026,28583,25057,20336,17161,14985,9529,5655,7947,6881,6041,36053,radiant,37570.0,28704.0,29697.0,25638.0,27526.0,20847.0,23626.0,17351.0,21344.0,15279.0
52,29962,27199,21323,14642,12424,32937,25979,18953,15404,14225,-2975,1220,2370,-762,-1801,-1948,radiant,30047.0,32363.0,27310.0,25482.0,21384.0,19320.0,14982.0,15608.0,12642.0,14190.0
53,28758,27023,28716,14586,13050,28482,21064,20852,11385,10422,276,5959,7864,3201,2628,19928,radiant,28706.0,28670.0,26778.0,21185.0,28702.0,21122.0,14574.0,11125.0,13197.0,10557.0
54,24170,23489,20546,13277,11569,29888,23550,22005,17874,13233,-5718,-61,-1459,-4597,-1664,-13499,dire,24143.0,30442.0,23825.0,23656.0,20425.0,21969.0,13507.0,18116.0,11697.0,13468.0
55,30326,29150,27178,18593,14887,30082,27799,17470,18259,11717,244,1351,9708,334,3170,14807,dire,29307.0,28510.0,28715.0,27442.0,26812.0,17221.0,18304.0,18323.0,14936.0,11433.0
56,34958,27516,25741,20243,14329,23867,23754,23291,16299,12246,11091,3762,2450,3944,2083,23330,radiant,34909.0,23906.0,27192.0,23681.0,25770.0,22929.0,19715.0,16362.0,14426.0,12233.0
57,28257,26566,25820,18777,16261,25235,26180,22387,14528,11785,3022,386,3433,4249,4476,15566,radiant,28377.0,24957.0,26847.0,25881.0,25946.0,22275.0,18610.0,14504.0,15993.0,11559.0
58,32981,25582,21556,15702,12599,30732,26214,19307,22310,18366,2249,-632,2249,-6608,-5767,-8509,dire,32704.0,30696.0,25880.0,26223.0,21362.0,19704.0,15917.0,21839.0,12958.0,18371.0
59,37037,30416,22150,17060,11828,29518,27324,29033,16533,16362,7519,3092,-6883,527,-4534,-279,radiant,37319.0,27684.0,29716.0,26453.0,21729.0,28024.0,16983.0,15466.0,11619.0,15684.0
60,38450,28542,19523,20591,20565,24965,24655,22549,17674,13620,13485,3887,-3026,2917,6945,24208,radiant,38669.0,24920.0,28839.0,25026.0,19846.0,22740.0,20948.0,17790.0,20627.0,13906.0
61,29430,20963,20967,13398,10875,36197,27717,20687,13786,13710,-6767,-6754,280,-388,-2835,-16464,dire,29324.0,35181.0,20891.0,27317.0,20659.0,20448.0,13524.0,13492.0,11038.0,13492.0
62,24923,21970,20619,16269,11810,37325,24023,21090,16501,13718,-12402,-2053,-471,-232,-1908,-17066,dire,25172.0,36007.0,21949.0,24041.0,20335.0,21121.0,16417.0,16502.0,11979.0,13750.0
63,35851,26574,22792,18586,13168,33516,25861,24183,17564,12810,2335,713,-1391,1022,358,3037,radiant,35853.0,33885.0,26560.0,25952.0,22872.0,23757.0,18142.0,17404.0,13228.0,13021.0
64,33383,26879,23681,20329,14244,26624,26413,20250,17220,14301,6759,466,3431,3109,-57,13708,radiant,31558.0,26320.0,25800.0,25890.0,22644.0,20146.0,19361.0,17198.0,13474.0,13663.0
65,25650,26388,25711,15188,10488,30968,27597,20816,17252,15791,-5318,-1209,4895,-2064,-5303,-8999,dire,25682.0,30769.0,27136.0,28042.0,26322.0,21254.0,15501.0,17140.0,10576.0,16018.0
66,37830,23179,20295,17159,17586,38692,31252,28001,16075,13106,-862,-8073,-7706,1084,4480,-11077,dire,38386.0,38193.0,23607.0,30290.0,20433.0,27641.0,17535.0,15729.0,17835.0,12609.0
67,36998,28589,19619,12634,13841,33110,26489,26927,14936,14325,3888,2100,-7308,-2302,-484,-4106,radiant,36606.0,32957.0,27823.0,26346.0,19107.0,26855.0,12118.0,15002.0,13893.0,14335.0
68,29693,24138,23437,15265,10129,28576,25573,25194,15436,12420,1117,-1435,-1757,-171,-2291,-4537,dire,28847.0,28149.0,23992.0,25882.0,23588.0,25661.0,14661.0,15654.0,10079.0,12716.0
69,29247,25688,21058,16581,14247,40527,25224,22993,18397,14450,-11280,464,-1935,-1816,-203,-14770,dire,28415.0,41012.0,24889.0,25281.0,20471.0,22724.0,16300.0,18599.0,13749.0,14705.0
70,36466,25892,19463,15070,12862,30236,24661,19634,10022,10846,6230,1231,-171,5048,2016,14354,radiant,34555.0,29871.0,24913.0,24793.0,19331.0,19673.0,14609.0,9860.0,11427.0,10699.0
71,38949,26243,26396,20827,13748,30029,29774,19869,14994,14077,8920,-3531,6527,5833,-329,17420,radiant,37736.0,30320.0,26470.0,29780.0,26825.0,20014.0,21184.0,15063.0,13938.0,13875.0
72,36190,27289,25914,14825,11399,35266,29663,21262,15028,15335,924,-2374,4652,-203,-3936,-937,dire,36102.0,34389.0,26277.0,29014.0,25901.0,21318.0,14527.0,14956.0,11331.0,15123.0
73,28926,25810,21699,16682,11508,31794,27362,23205,14255,15105,-2868,-1552,-1506,2427,-3597,-7096,radiant,28637.0,31647.0,25627.0,27431.0,21844.0,23462.0,16644.0,14660.0,11659.0,15122.0
74,34314,20700,19307,12656,11933,32307,23955,22868,16750,12192,2007,-3255,-3561,-4094,-259,-9162,dire,34308.0,31156.0,20165.0,23672.0,19064.0,22399.0,12656.0,15911.0,11917.0,11752.0
75,28631,25556,17071,16048,12321,28335,25148,20312,13180,12110,296,408,-3241,2868,211,542,dire,29013.0,28139.0,25679.0,25035.0,16691.0,20564.0,15909.0,13441.0,12055.0,12383.0
76,28703,27020,24397,17392,15904,32218,23615,19090,18676,17159,-3515,3405,5307,-1284,-1255,2658,dire,27993.0,32439.0,26360.0,23499.0,23479.0,19439.0,16857.0,19120.0,15313.0,17226.0
77,31590,24101,20735,20276,15761,26666,25066,20465,17621,12813,4924,-965,270,2655,2948,9832,radiant,31405.0,26589.0,24196.0,25370.0,20443.0,20457.0,20518.0,17933.0,15551.0,12856.0
78,31271,29565,19490,16580,11961,28075,24713,21331,11650,11534,3196,4852,-1841,4930,427,11564,radiant,31163.0,27297.0,29849.0,24779.0,19560.0,21644.0,16421.0,11857.0,11820.0,11625.0
79,40306,22059,22768,14684,14591,30925,25272,21872,21628,11918,9381,-3213,896,-6944,2673,2793,radiant,40418.0,31411.0,21936.0,25645.0,22951.0,21968.0,14559.0,21563.0,14767.0,11952.0
80,31055,27823,25847,16621,15850,31745,25247,21699,20440,16683,-690,2576,4148,-3819,-833,1382,radiant,30356.0,32366.0,27310.0,25645.0,24920.0,22052.0,15990.0,20535.0,15702.0,16988.0
81,28801,26916,26685,16727,14718,26636,24416,19482,12784,11699,2165,2500,7203,3943,3019,18830,radiant,27963.0,27080.0,26117.0,24893.0,25469.0,19702.0,16139.0,12750.0,13907.0,11948.0
82,30804,28677,26208,15060,15778,31554,22534,21305,18040,15298,-750,6143,4903,-2980,480,7796,radiant,30676.0,30953.0,28293.0,22608.0,26285.0,21545.0,14932.0,18140.0,15880.0,15591.0
83,29214,26326,26567,17682,15851,30438,27517,18987,17138,12440,-1224,-1191,7580,544,3411,9120,dire,29547.0,29610.0,25969.0,27229.0,26805.0,18794.0,17907.0,16811.0,16054.0,12226.0
84,31199,29638,25469,17417,14143,32735,32826,22382,16615,13527,-1536,-3188,3087,802,616,-219,radiant,30467.0,31445.0,28838.0,32048.0,25286.0,20858.0,17907.0,15507.0,14358.0,13286.0
85,26755,21836,21472,15344,15110,32627,28518,21497,22830,16503,-5872,-6682,-25,-7486,-1393,-21458,dire,26199.0,32223.0,21908.0,28076.0,20698.0,21390.0,13656.0,22679.0,14172.0,16562.0
86,26361,20988,22046,19517,13952,29211,23937,19506,13898,13000,-2850,-2949,2540,5619,952,3312,dire,26117.0,28743.0,20835.0,23986.0,21820.0,19684.0,19089.0,14235.0,13932.0,13271.0
87,27890,20647,20341,14529,13261,27175,25742,19916,15909,12400,715,-5095,425,-1380,861,-4474,radiant,28017.0,26692.0,20798.0,25778.0,20154.0,20085.0,14631.0,15830.0,13346.0,12299.0
88,27371,25197,22676,15834,13067,30749,22727,23367,17970,13612,-3378,2470,-691,-2136,-545,-4280,dire,27246.0,30368.0,24959.0,22970.0,22571.0,22779.0,16037.0,17994.0,13194.0,13495.0
89,25728,19303,19820,15807,10834,29376,22179,20763,14190,12771,-3648,-2876,-943,1617,-1937,-7787,dire,25760.0,29457.0,18688.0,22515.0,19599.0,21009.0,15819.0,14415.0,10541.0,12839.0
90,32063,25925,24084,16258,12681,29451,27577,18437,17820,12340,2612,-1652,5647,-1562,341,5386,radiant,32030.0,29569.0,26763.0,26732.0,24843.0,18357.0,16674.0,18066.0,13049.0,12385.0
91,25206,25071,23571,22553,14563,38058,26292,23001,16152,11210,-12852,-1221,570,6401,3353,-3749,dire,25571.0,38296.0,25299.0,26517.0,23428.0,22879.0,22111.0,16405.0,14811.0,11456.0
92,32589,23597,22396,21073,14282,34451,21391,22804,16130,16614,-1862,2206,-408,4943,-2332,2547,dire,32251.0,34254.0,23307.0,21248.0,22164.0,23090.0,20673.0,16241.0,14277.0,16908.0
93,34904,25935,23655,16482,15935,30388,27813,22215,22661,15757,4516,-1878,1440,-6179,178,-1923,dire,32426.0,30200.0,25137.0,27172.0,23520.0,21053.0,16850.0,22350.0,14936.0,14652.0
94,34725,22837,18787,16257,11559,32772,27906,25536,17798,15471,1953,-5069,-6749,-1541,-3912,-15318,dire,33720.0,32757.0,22858.0,27335.0,19002.0,26039.0,16301.0,18187.0,11596.0,15298.0
95,32132,24635,20892,16817,14846,35333,23619,20684,17772,13528,-3201,1016,208,-955,1318,-1614,radiant,32453.0,35314.0,24639.0,23951.0,20893.0,20627.0,16968.0,18305.0,14629.0,13570.0
96,25362,23038,21425,14691,14188,30743,28765,24561,16220,14209,-5381,-5727,-3136,-1529,-21,-15794,dire,25518.0,30859.0,23284.0,28811.0,20878.0,24668.0,14646.0,16272.0,14014.0,14480.0
97,30853,27747,21889,19798,14694,38952,25908,24186,16361,15158,-8099,1839,-2297,3437,-464,-5584,radiant,31187.0,37797.0,26885.0,25426.0,21770.0,23511.0,19771.0,15837.0,14642.0,15253.0
98,30728,27996,26008,19973,14313,25838,25046,20539,17565,12535,4890,2950,5469,2408,1778,17495,radiant,30751.0,26027.0,28166.0,24617.0,26328.0,20401.0,19898.0,17729.0,14472.0,12677.0
99,29222,25278,26265,15801,13075,30140,28913,22619,15568,14345,-918,-3635,3646,233,-1270,-1944,radiant,29727.0,30375.0,25673.0,29234.0,25154.0,22951.0,16187.0,15635.0,13219.0,14712.0
100,34859,24149,23294,14263,13380,32228,25579,20217,13631,12763,2631,-1430,3077,632,617,5527,dire,35542.0,31604.0,24087.0,25674.0,23794.0,19870.0,14628.0,13580.0,13585.0,12655.0
101,31008,22944,20374,13102,12719,27628,24195,22662,17958,14568,3380,-1251,-2288,-4856,-1849,-6864,dire,30246.0,27542.0,21983.0,24019.0,20308.0,22341.0,12594.0,17551.0,12634.0,14551.0
102,27248,25025,18379,10781,9421,36936,22582,20486,13075,12563,-9688,2443,-2107,-2294,-3142,-14788,dire,26507.0,37148.0,23822.0,22509.0,18380.0,20888.0,10546.0,12919.0,9191.0,12846.0
103,28053,25268,21492,20908,12571,34116,27839,25088,18542,16240,-6063,-2571,-3596,2366,-3669,-13533,dire,28495.0,33451.0,25375.0,26903.0,21855.0,24135.0,21355.0,18171.0,12824.0,15916.0
104,36246,26697,20340,17945,17813,29387,25018,24682,19935,17595,6859,1679,-4342,-1990,218,2424,radiant,36422.0,29454.0,27009.0,25015.0,20634.0,24956.0,17916.0,20419.0,18213.0,17664.0
105,31162,22918,20971,13119,11798,36336,31638,25450,13793,9630,-5174,-8720,-4479,-674,2168,-16879,dire,30882.0,35797.0,23190.0,31221.0,20614.0,24732.0,13242.0,13637.0,11668.0,9366.0
106,30518,29898,29730,17809,16257,27380,25810,25324,18940,18900,3138,4088,4406,-1131,-2643,7858,radiant,28379.0,27826.0,28515.0,26380.0,27318.0,25863.0,16089.0,19283.0,14587.0,19120.0
107,34465,25528,22917,17206,13341,27980,28479,28131,19959,14795,6485,-2951,-5214,-2753,-1454,-5887,radiant,34554.0,28485.0,23886.0,28994.0,22342.0,26639.0,16379.0,20365.0,13102.0,14902.0
108,27622,24319,23968,15785,13314,33014,29737,29273,16361,14958,-5392,-5418,-5305,-576,-1644,-18335,dire,27670.0,33050.0,24179.0,29578.0,24122.0,28846.0,16045.0,16304.0,13562.0,15267.0
109,33420,28051,26774,14234,13158,39626,28773,21558,15345,13232,-6206,-722,5216,-1111,-74,-2897,dire,33528.0,39101.0,28314.0,28318.0,26781.0,21231.0,14358.0,15443.0,13184.0,13281.0
110,33938,16578,19477,15163,11358,29556,28744,26403,17638,13570,4382,-12166,-6926,-2475,-2212,-19397,dire,32615.0,29710.0,15683.0,28917.0,18672.0,26707.0,14250.0,17914.0,11587.0,13781.0
111,31349,27786,24592,22105,14930,30943,28465,23514,20255,15277,406,-679,1078,1850,-347,2308,radiant,29743.0,30777.0,27868.0,28082.0,24279.0,23201.0,22143.0,20344.0,14546.0,15401.0
112,32968,25142,22130,18064,15689,29506,22808,20823,17843,11097,3462,2334,1307,221,4592,11916,radiant,32526.0,29909.0,24940.0,23051.0,21919.0,21175.0,17952.0,18201.0,15259.0,11282.0
113,28387,25127,19503,13631,9203,25226,24326,21774,15321,14067,3161,801,-2271,-1690,-4864,-4863,radiant,28464.0,25429.0,25264.0,24464.0,19654.0,21494.0,13793.0,15186.0,9342.0,14206.0
114,35421,23947,22183,21619,14508,31737,23114,21115,20375,14416,3684,833,1068,1244,92,6921,radiant,34611.0,31418.0,23440.0,23254.0,21345.0,20862.0,21187.0,20475.0,13848.0,14487.0
115,23936,21953,21066,14379,12481,35585,29153,22619,15755,14402,-11649,-7200,-1553,-1376,-1921,-23699,dire,24239.0,35220.0,22018.0,28687.0,21462.0,21827.0,14633.0,15445.0,12735.0,14154.0
116,37820,26142,18712,15869,15273,31893,26273,21478,19754,13467,5927,-131,-2766,-3885,1806,951,dire,37552.0,31580.0,25900.0,25552.0,19110.0,21623.0,15891.0,19748.0,15354.0,13374.0
117,31074,23865,20614,17357,17456,27516,27252,24649,18854,17750,3558,-3387,-4035,-1497,-294,-5655,radiant,30299.0,26694.0,24334.0,27913.0,20918.0,24157.0,17803.0,18474.0,17828.0,17427.0
118,28186,28637,25648,16627,10491,27985,25289,21604,16647,14440,201,3348,4044,-20,-3949,3624,radiant,27924.0,27162.0,27984.0,25699.0,24587.0,21937.0,16588.0,16910.0,10609.0,14670.0
119,30795,27222,25766,14425,13695,34123,19603,17682,13316,8503,-3328,7619,8084,1109,5192,18676,radiant,31197.0,34601.0,26781.0,19913.0,26182.0,17859.0,14735.0,13565.0,13992.0,8659.0
120,26900,25453,20632,16329,9963,33390,23622,22745,16701,15961,-6490,1831,-2113,-372,-5998,-13142,radiant,27339.0,32720.0,24967.0,23260.0,20867.0,22935.0,16720.0,15897.0,10227.0,15824.0
121,23962,21699,20855,14222,14159,34201,26093,23571,18553,16436,-10239,-4394,-2716,-4331,-2277,-23957,dire,23643.0,33452.0,21351.0,25836.0,20495.0,23624.0,14335.0,18246.0,14410.0,16011.0
122,31836,26675,25124,16235,13722,24266,24504,23487,21027,11607,7570,2171,1637,-4792,2115,8701,radiant,31663.0,23880.0,25947.0,25037.0,24979.0,23368.0,15830.0,21441.0,13122.0,11856.0
123,36538,24599,20858,15042,11842,27071,24710,24048,12165,11591,9467,-111,-3190,2877,251,9294,dire,36416.0,26928.0,24799.0,24715.0,21002.0,23941.0,15072.0,12024.0,12066.0,11507.0
124,34026,25940,20263,19999,15437,37972,22248,18573,13010,13031,-3946,3692,1690,6989,2406,10831,radiant,33277.0,37400.0,25320.0,22410.0,20296.0,18350.0,20041.0,13241.0,15261.0,13128.0
125,33697,21638,21001,13371,11824,33616,25917,21898,12713,12528,81,-4279,-897,658,-704,-5141,dire,33256.0,33077.0,20717.0,26154.0,20664.0,21472.0,13134.0,12794.0,11536.0,12561.0
126,35742,25878,20921,10338,10057,30460,29340,22985,15580,17289,5282,-3462,-2064,-5242,-7232,-12718,dire,34957.0,30254.0,25802.0,29590.0,20715.0,23294.0,10474.0,15732.0,10140.0,16997.0
127,26581,23889,23641,13331,10077,40828,27456,23993,18993,18763,-14247,-3567,-352,-5662,-8686,-32514,dire,26659.0,39138.0,23078.0,26442.0,23712.0,22966.0,13377.0,18277.0,9988.0,17471.0
128,36188,21943,21671,14390,14078,38935,28362,24556,14233,11580,-2747,-6419,-2885,157,2498,-9396,dire,36261.0,38172.0,22181.0,28296.0,22034.0,24564.0,14734.0,14164.0,14345.0,11595.0
129,32074,27478,23770,15384,14731,39260,22912,21450,13733,12387,-7186,4566,2320,1651,2344,3695,dire,32624.0,38942.0,26709.0,22735.0,23373.0,21659.0,15072.0,13778.0,14844.0,12416.0
130,28510,26189,23162,17596,14917,28016,27174,19090,15475,12479,494,-985,4072,2121,2438,8140,radiant,28071.0,27870.0,25319.0,27311.0,22865.0,18641.0,17211.0,15807.0,15021.0,12652.0
131,28598,24731,22183,21529,15732,29111,29841,25388,17802,17115,-513,-5110,-3205,3727,-1383,-6484,dire,26754.0,27517.0,23894.0,28941.0,21263.0,24261.0,20440.0,16873.0,14923.0,16301.0
132,37476,26719,21296,17878,11750,34650,28439,22709,17653,16266,2826,-1720,-1413,225,-4516,-4598,dire,37779.0,34248.0,26881.0,27863.0,21552.0,22255.0,17547.0,17367.0,11642.0,16182.0
133,26789,25837,25122,13258,12657,29478,24256,21955,20252,18378,-2689,1581,3167,-6994,-5721,-10656,dire,26645.0,29073.0,25651.0,24389.0,24985.0,21680.0,12680.0,20360.0,12652.0,18357.0
134,31473,25076,19820,12056,10375,28776,25408,22677,13954,11201,2697,-332,-2857,-1898,-826,-3216,radiant,30856.0,29308.0,25357.0,25757.0,19496.0,22974.0,12106.0,14139.0,10377.0,11408.0
135,31434,25260,19989,20711,12890,33733,24594,24479,15682,15284,-2299,666,-4490,5029,-2394,-3488,dire,31388.0,33464.0,25035.0,24390.0,19966.0,24487.0,21087.0,15575.0,13076.0,15411.0
136,35167,27645,19130,17884,13717,34412,34296,26095,15544,15690,755,-6651,-6965,2340,-1973,-12494,dire,34263.0,33706.0,27293.0,32736.0,19413.0,25425.0,18016.0,15005.0,13375.0,15272.0
137,33739,24116,21645,13438,13600,32130,21693,19601,11640,9750,1609,2423,2044,1798,3850,11724,radiant,33454.0,32227.0,24235.0,21829.0,21432.0,19621.0,13001.0,11818.0,13548.0,9926.0
138,29817,24812,24882,19320,16153,26299,25894,21476,16050,12983,3518,-1082,3406,3270,3170,12282,radiant,29428.0,25767.0,24161.0,25734.0,24825.0,21845.0,19217.0,16010.0,16280.0,13168.0
139,31343,22052,20300,13091,9822,30135,23163,21065,14138,12146,1208,-1111,-765,-1047,-2324,-4039,dire,31278.0,29603.0,22235.0,23300.0,20048.0,20880.0,13200.0,14354.0,9916.0,12184.0
140,34500,24391,24190,24074,18862,37749,25513,23295,22701,16353,-3249,-1122,895,1373,2509,406,radiant,33589.0,38404.0,23632.0,26162.0,24026.0,23649.0,23175.0,23156.0,18117.0,16660.0
141,31665,26039,19909,12489,11287,30930,21532,18172,14468,12843,735,4507,1737,-1979,-1556,3444,dire,30433.0,31227.0,25332.0,21497.0,19561.0,18378.0,12468.0,14305.0,10682.0,12905.0
142,28808,23693,14822,15337,12328,31876,31320,20908,10781,10867,-3068,-7627,-6086,4556,1461,-10764,dire,29107.0,31364.0,23738.0,29698.0,14967.0,19914.0,15480.0,10600.0,12367.0,10563.0
143,30393,26861,24629,20371,14846,30806,29282,18988,15782,12482,-413,-2421,5641,4589,2364,9760,dire,29504.0,31270.0,26622.0,29683.0,24482.0,19349.0,20235.0,16015.0,14704.0,12700.0
144,41314,24844,17002,15804,14931,27289,25186,24194,23764,15573,14025,-342,-7192,-7960,-642,-2111,radiant,40118.0,26892.0,23409.0,23607.0,17222.0,22554.0,14826.0,23858.0,14056.0,14670.0
145,21627,21475,17917,19683,13790,36856,28082,21616,17721,16384,-15229,-6607,-3699,1962,-2594,-26167,dire,21143.0,35922.0,21320.0,27067.0,17441.0,21581.0,19481.0,17655.0,13460.0,15777.0
146,28390,27996,23674,16051,16511,30497,24677,24718,16135,14738,-2107,3319,-1044,-84,1773,1857,radiant,28101.0,29358.0,28434.0,24274.0,23817.0,24188.0,16010.0,16046.0,16735.0,14575.0
147,32303,28633,28121,17335,15645,33123,29848,22348,15839,12820,-820,-1215,5773,1496,2825,8059,radiant,31760.0,33024.0,28892.0,29294.0,27579.0,22257.0,16971.0,15422.0,15431.0,12642.0
148,26296,21513,19674,16606,14889,26190,24279,22601,12563,11210,106,-2766,-2927,4043,3679,2135,dire,26005.0,25451.0,21104.0,23492.0,19677.0,22563.0,16521.0,12104.0,14651.0,10636.0
149,36403,30106,28298,15845,15147,34239,32607,21307,12419,12447,2164,-2501,6991,3426,2700,12780,radiant,35433.0,32770.0,30155.0,30633.0,27863.0,21686.0,15922.0,12671.0,15100.0,12656.0
